0.00 0.00 0.00 0.00
0.01 0.03 0.00 0.00
0.01 0.11 0.00 0.00
0.02 0.25 0.00 0.00
0.02 0.44 0.00 0.00
0.03 0.68 0.00 0.00
0.03 0.98 0.00 0.00
0.04 1.34 0.00 0.00
0.04 1.74 0.00 0.00
0.05 2.20 0.00 0.00
0.06 2.71 0.00 0.00
0.06 3.28 0.00 0.00
0.07 3.89 0.00 0.00
0.07 4.55 0.00 0.00
0.08 5.27 0.00 0.00
0.08 6.03 0.00 0.00
0.09 6.84 0.00 0.00
0.09 7.69 0.00 0.00
0.10 8.59 0.00 0.00
0.11 9.54 0.00 0.00
0.11 10.53 0.00 0.00
0.12 11.56 0.00 0.00
0.12 12.63 0.00 0.00
0.13 13.74 0.00 0.00
0.13 14.89 0.00 0.00
0.14 16.07 0.00 0.00
0.14 17.30 0.00 0.00
0.15 18.55 0.00 0.00
0.16 19.84 0.00 0.00
0.16 21.15 0.00 0.00
0.17 22.50 0.00 0.00
0.17 23.87 0.00 0.00
0.18 25.27 0.00 0.00
0.18 26.70 0.00 0.00
0.19 28.14 0.00 0.00
0.19 29.61 0.00 0.00
0.20 31.09 0.00 0.00
0.21 32.60 0.00 0.00
0.21 34.11 0.00 0.00
0.22 35.64 0.00 0.00
0.22 37.19 0.00 0.00
0.23 38.74 0.00 0.00
0.23 40.30 0.00 0.00
0.24 41.86 0.00 0.00
0.24 43.43 0.00 0.00
0.25 45.00 0.00 0.00
0.26 46.57 0.00 0.00
0.26 48.14 0.00 0.00
0.27 49.70 0.00 0.00
0.27 51.26 0.00 0.00
0.28 52.81 0.00 0.00
0.28 54.36 0.00 0.00
0.29 55.89 0.00 0.00
0.29 57.40 0.00 0.00
0.30 58.91 0.00 0.00
0.31 60.39 0.00 0.00
0.31 61.86 0.00 0.00
0.32 63.30 0.00 0.00
0.32 64.73 0.00 0.00
0.33 66.13 0.00 0.00
0.33 67.50 0.00 0.00
0.34 68.85 0.00 0.00
0.34 70.16 0.00 0.00
0.35 71.45 0.00 0.00
0.36 72.70 0.00 0.00
0.36 73.93 0.00 0.00
0.37 75.11 0.00 0.00
0.37 76.26 0.00 0.00
0.38 77.37 0.00 0.00
0.38 78.44 0.00 0.00
0.39 79.47 0.00 0.00
0.39 80.46 0.00 0.00
0.40 81.41 0.00 0.00
0.41 82.31 0.00 0.00
0.41 83.16 0.00 0.00
0.42 83.97 0.00 0.00
0.42 84.73 0.00 0.00
0.43 85.45 0.00 0.00
0.43 86.11 0.00 0.00
0.44 86.72 0.00 0.00
0.44 87.29 0.00 0.00
0.45 87.80 0.00 0.00
0.46 88.26 0.00 0.00
0.46 88.66 0.00 0.00
0.47 89.02 0.00 0.00
0.47 89.32 0.00 0.00
0.48 89.56 0.00 0.00
0.48 89.75 0.00 0.00
0.49 89.89 0.00 0.00
0.49 89.97 0.00 0.00
0.50 90.00 0.00 0.00
0.51 89.97 0.00 0.00
0.51 89.89 0.00 0.00
0.52 89.75 0.00 0.00
0.52 89.56 0.00 0.00
0.53 89.32 0.00 0.00
0.53 89.02 0.00 0.00
0.54 88.66 0.00 0.00
0.54 88.26 0.00 0.00
0.55 87.80 0.00 0.00
0.56 87.29 0.00 0.00
0.56 86.72 0.00 0.00
0.57 86.11 0.00 0.00
0.57 85.45 0.00 0.00
0.58 84.73 0.00 0.00
0.58 83.97 0.00 0.00
0.59 83.16 0.00 0.00
0.59 82.31 0.00 0.00
0.60 81.41 0.00 0.00
0.61 80.46 0.00 0.00
0.61 79.47 0.00 0.00
0.62 78.44 0.00 0.00
0.62 77.37 0.00 0.00
0.63 76.26 0.00 0.00
0.63 75.11 0.00 0.00
0.64 73.93 0.00 0.00
0.64 72.70 0.00 0.00
0.65 71.45 0.00 0.00
0.66 70.16 0.00 0.00
0.66 68.85 0.00 0.00
0.67 67.50 0.00 0.00
0.67 66.13 0.00 0.00
0.68 64.73 0.00 0.00
0.68 63.30 0.00 0.00
0.69 61.86 0.00 0.00
0.69 60.39 0.00 0.00
0.70 58.91 0.00 0.00
0.71 57.40 0.00 0.00
0.71 55.89 0.00 0.00
0.72 54.36 0.00 0.00
0.72 52.81 0.00 0.00
0.73 51.26 0.00 0.00
0.73 49.70 0.00 0.00
0.74 48.14 0.00 0.00
0.74 46.57 0.00 0.00
0.75 45.00 0.00 0.00
0.76 43.43 0.00 0.00
0.76 41.86 0.00 0.00
0.77 40.30 0.00 0.00
0.77 38.74 0.00 0.00
0.78 37.19 0.00 0.00
0.78 35.64 0.00 0.00
0.79 34.11 0.00 0.00
0.79 32.60 0.00 0.00
0.80 31.09 0.00 0.00
0.81 29.61 0.00 0.00
0.81 28.14 0.00 0.00
0.82 26.70 0.00 0.00
0.82 25.27 0.00 0.00
0.83 23.87 0.00 0.00
0.83 22.50 0.00 0.00
0.84 21.15 0.00 0.00
0.84 19.84 0.00 0.00
0.85 18.55 0.00 0.00
0.86 17.30 0.00 0.00
0.86 16.07 0.00 0.00
0.87 14.89 0.00 0.00
0.87 13.74 0.00 0.00
0.88 12.63 0.00 0.00
0.88 11.56 0.00 0.00
0.89 10.53 0.00 0.00
0.89 9.54 0.00 0.00
0.90 8.59 0.00 0.00
0.91 7.69 0.00 0.00
0.91 6.84 0.00 0.00
0.92 6.03 0.00 0.00
0.92 5.27 0.00 0.00
0.93 4.55 0.00 0.00
0.93 3.89 0.00 0.00
0.94 3.28 0.00 0.00
0.94 2.71 0.00 0.00
0.95 2.20 0.00 0.00
0.96 1.74 0.00 0.00
0.96 1.34 0.00 0.00
0.97 0.98 0.00 0.00
0.97 0.68 0.00 0.00
0.98 0.44 0.00 0.00
0.98 0.25 0.00 0.00
0.99 0.11 0.00 0.00
0.99 0.03 0.00 0.00
1.00 0.00 0.00 0.00
1.01 0.03 0.00 0.00
1.01 0.11 0.00 0.00
1.02 0.25 0.00 0.00
1.02 0.44 0.00 0.00
1.03 0.68 0.00 0.00
1.03 0.98 0.00 0.00
1.04 1.34 0.00 0.00
1.04 1.74 0.00 0.00
1.05 2.20 0.00 0.00
1.06 2.71 0.00 0.00
1.06 3.28 0.00 0.00
1.07 3.89 0.00 0.00
1.07 4.55 0.00 0.00
1.08 5.27 0.00 0.00
1.08 6.03 0.00 0.00
1.09 6.84 0.00 0.00
1.09 7.69 0.00 0.00
1.10 8.59 0.00 0.00
1.11 9.54 0.00 0.00
1.11 10.53 0.00 0.00
1.12 11.56 0.00 0.00
1.12 12.63 0.00 0.00
1.13 13.74 0.00 0.00
1.13 14.89 0.00 0.00
1.14 16.07 0.00 0.00
1.14 17.30 0.00 0.00
1.15 18.55 0.00 0.00
1.16 19.84 0.00 0.00
1.16 21.15 0.00 0.00
1.17 22.50 0.00 0.00
1.17 23.87 0.00 0.00
1.18 25.27 0.00 0.00
1.18 26.70 0.00 0.00
1.19 28.14 0.00 0.00
1.19 29.61 0.00 0.00
1.20 31.09 0.00 0.00
1.21 32.60 0.00 0.00
1.21 34.11 0.00 0.00
1.22 35.64 0.00 0.00
1.22 37.19 0.00 0.00
1.23 38.74 0.00 0.00
1.23 40.30 0.00 0.00
1.24 41.86 0.00 0.00
1.24 43.43 0.00 0.00
1.25 45.00 0.00 0.00
1.26 46.57 0.00 0.00
1.26 48.14 0.00 0.00
1.27 49.70 0.00 0.00
1.27 51.26 0.00 0.00
1.28 52.81 0.00 0.00
1.28 54.36 0.00 0.00
1.29 55.89 0.00 0.00
1.29 57.40 0.00 0.00
1.30 58.91 0.00 0.00
1.31 60.39 0.00 0.00
1.31 61.86 0.00 0.00
1.32 63.30 0.00 0.00
1.32 64.73 0.00 0.00
1.33 66.13 0.00 0.00
1.33 67.50 0.00 0.00
1.34 68.85 0.00 0.00
1.34 70.16 0.00 0.00
1.35 71.45 0.00 0.00
1.36 72.70 0.00 0.00
1.36 73.93 0.00 0.00
1.37 75.11 0.00 0.00
1.37 76.26 0.00 0.00
1.38 77.37 0.00 0.00
1.38 78.44 0.00 0.00
1.39 79.47 0.00 0.00
1.39 80.46 0.00 0.00
1.40 81.41 0.00 0.00
1.41 82.31 0.00 0.00
1.41 83.16 0.00 0.00
1.42 83.97 0.00 0.00
1.42 84.73 0.00 0.00
1.43 85.45 0.00 0.00
1.43 86.11 0.00 0.00
1.44 86.72 0.00 0.00
1.44 87.29 0.00 0.00
1.45 87.80 0.00 0.00
1.46 88.26 0.00 0.00
1.46 88.66 0.00 0.00
1.47 89.02 0.00 0.00
1.47 89.32 0.00 0.00
1.48 89.56 0.00 0.00
1.48 89.75 0.00 0.00
1.49 89.89 0.00 0.00
1.49 89.97 0.00 0.00
1.50 90.00 0.00 0.00
1.51 89.97 0.00 0.00
1.51 89.89 0.00 0.00
1.52 89.75 0.00 0.00
1.52 89.56 0.00 0.00
1.53 89.32 0.00 0.00
1.53 89.02 0.00 0.00
1.54 88.66 0.00 0.00
1.54 88.26 0.00 0.00
1.55 87.80 0.00 0.00
1.56 87.29 0.00 0.00
1.56 86.72 0.00 0.00
1.57 86.11 0.00 0.00
1.57 85.45 0.00 0.00
1.58 84.73 0.00 0.00
1.58 83.97 0.00 0.00
1.59 83.16 0.00 0.00
1.59 82.31 0.00 0.00
1.60 81.41 0.00 0.00
1.61 80.46 0.00 0.00
1.61 79.47 0.00 0.00
1.62 78.44 0.00 0.00
1.62 77.37 0.00 0.00
1.63 76.26 0.00 0.00
1.63 75.11 0.00 0.00
1.64 73.93 0.00 0.00
1.64 72.70 0.00 0.00
1.65 71.45 0.00 0.00
1.66 70.16 0.00 0.00
1.66 68.85 0.00 0.00
1.67 67.50 0.00 0.00
1.67 66.13 0.00 0.00
1.68 64.73 0.00 0.00
1.68 63.30 0.00 0.00
1.69 61.86 0.00 0.00
1.69 60.39 0.00 0.00
1.70 58.91 0.00 0.00
1.71 57.40 0.00 0.00
1.71 55.89 0.00 0.00
1.72 54.36 0.00 0.00
1.72 52.81 0.00 0.00
1.73 51.26 0.00 0.00
1.73 49.70 0.00 0.00
1.74 48.14 0.00 0.00
1.74 46.57 0.00 0.00
1.75 45.00 0.00 0.00
1.76 43.43 0.00 0.00
1.76 41.86 0.00 0.00
1.77 40.30 0.00 0.00
1.77 38.74 0.00 0.00
1.78 37.19 0.00 0.00
1.78 35.64 0.00 0.00
1.79 34.11 0.00 0.00
1.79 32.60 0.00 0.00
1.80 31.09 0.00 0.00
1.81 29.61 0.00 0.00
1.81 28.14 0.00 0.00
1.82 26.70 0.00 0.00
1.82 25.27 0.00 0.00
1.83 23.87 0.00 0.00
1.83 22.50 0.00 0.00
1.84 21.15 0.00 0.00
1.84 19.84 0.00 0.00
1.85 18.55 0.00 0.00
1.86 17.30 0.00 0.00
1.86 16.07 0.00 0.00
1.87 14.89 0.00 0.00
1.87 13.74 0.00 0.00
1.88 12.63 0.00 0.00
1.88 11.56 0.00 0.00
1.89 10.53 0.00 0.00
1.89 9.54 0.00 0.00
1.90 8.59 0.00 0.00
1.91 7.69 0.00 0.00
1.91 6.84 0.00 0.00
1.92 6.03 0.00 0.00
1.92 5.27 0.00 0.00
1.93 4.55 0.00 0.00
1.93 3.89 0.00 0.00
1.94 3.28 0.00 0.00
1.94 2.71 0.00 0.00
1.95 2.20 0.00 0.00
1.96 1.74 0.00 0.00
1.96 1.34 0.00 0.00
1.97 0.98 0.00 0.00
1.97 0.68 0.00 0.00
1.98 0.44 0.00 0.00
1.98 0.25 0.00 0.00
1.99 0.11 0.00 0.00
1.99 0.03 0.00 0.00
2.00 0.00 0.00 0.00
2.01 0.03 0.00 0.00
2.01 0.11 0.00 0.00
2.02 0.25 0.00 0.00
2.02 0.44 0.00 0.00
2.03 0.68 0.00 0.00
2.03 0.98 0.00 0.00
2.04 1.34 0.00 0.00
2.04 1.74 0.00 0.00
2.05 2.20 0.00 0.00
2.06 2.71 0.00 0.00
2.06 3.28 0.00 0.00
2.07 3.89 0.00 0.00
2.07 4.55 0.00 0.00
2.08 5.27 0.00 0.00
2.08 6.03 0.00 0.00
2.09 6.84 0.00 0.00
2.09 7.69 0.00 0.00
2.10 8.59 0.00 0.00
2.11 9.54 0.00 0.00
2.11 10.53 0.00 0.00
2.12 11.56 0.00 0.00
2.12 12.63 0.00 0.00
2.13 13.74 0.00 0.00
2.13 14.89 0.00 0.00
2.14 16.07 0.00 0.00
2.14 17.30 0.00 0.00
2.15 18.55 0.00 0.00
2.16 19.84 0.00 0.00
2.16 21.15 0.00 0.00
2.17 22.50 0.00 0.00
2.17 23.87 0.00 0.00
2.18 25.27 0.00 0.00
2.18 26.70 0.00 0.00
2.19 28.14 0.00 0.00
2.19 29.61 0.00 0.00
2.20 31.09 0.00 0.00
2.21 32.60 0.00 0.00
2.21 34.11 0.00 0.00
2.22 35.64 0.00 0.00
2.22 37.19 0.00 0.00
2.23 38.74 0.00 0.00
2.23 40.30 0.00 0.00
2.24 41.86 0.00 0.00
2.24 43.43 0.00 0.00
2.25 45.00 0.00 0.00
2.26 46.57 0.00 0.00
2.26 48.14 0.00 0.00
2.27 49.70 0.00 0.00
2.27 51.26 0.00 0.00
2.28 52.81 0.00 0.00
2.28 54.36 0.00 0.00
2.29 55.89 0.00 0.00
2.29 57.40 0.00 0.00
2.30 58.91 0.00 0.00
2.31 60.39 0.00 0.00
2.31 61.86 0.00 0.00
2.32 63.30 0.00 0.00
2.32 64.73 0.00 0.00
2.33 66.13 0.00 0.00
2.33 67.50 0.00 0.00
2.34 68.85 0.00 0.00
2.34 70.16 0.00 0.00
2.35 71.45 0.00 0.00
2.36 72.70 0.00 0.00
2.36 73.93 0.00 0.00
2.37 75.11 0.00 0.00
2.37 76.26 0.00 0.00
2.38 77.37 0.00 0.00
2.38 78.44 0.00 0.00
2.39 79.47 0.00 0.00
2.39 80.46 0.00 0.00
2.40 81.41 0.00 0.00
2.41 82.31 0.00 0.00
2.41 83.16 0.00 0.00
2.42 83.97 0.00 0.00
2.42 84.73 0.00 0.00
2.43 85.45 0.00 0.00
2.43 86.11 0.00 0.00
2.44 86.72 0.00 0.00
2.44 87.29 0.00 0.00
2.45 87.80 0.00 0.00
2.46 88.26 0.00 0.00
2.46 88.66 0.00 0.00
2.47 89.02 0.00 0.00
2.47 89.32 0.00 0.00
2.48 89.56 0.00 0.00
2.48 89.75 0.00 0.00
2.49 89.89 0.00 0.00
2.49 89.97 0.00 0.00
2.50 90.00 0.00 0.00
2.51 89.97 0.00 0.00
2.51 89.89 0.00 0.00
2.52 89.75 0.00 0.00
2.52 89.56 0.00 0.00
2.53 89.32 0.00 0.00
2.53 89.02 0.00 0.00
2.54 88.66 0.00 0.00
2.54 88.26 0.00 0.00
2.55 87.80 0.00 0.00
2.56 87.29 0.00 0.00
2.56 86.72 0.00 0.00
2.57 86.11 0.00 0.00
2.57 85.45 0.00 0.00
2.58 84.73 0.00 0.00
2.58 83.97 0.00 0.00
2.59 83.16 0.00 0.00
2.59 82.31 0.00 0.00
2.60 81.41 0.00 0.00
2.61 80.46 0.00 0.00
2.61 79.47 0.00 0.00
2.62 78.44 0.00 0.00
2.62 77.37 0.00 0.00
2.63 76.26 0.00 0.00
2.63 75.11 0.00 0.00
2.64 73.93 0.00 0.00
2.64 72.70 0.00 0.00
2.65 71.45 0.00 0.00
2.66 70.16 0.00 0.00
2.66 68.85 0.00 0.00
2.67 67.50 0.00 0.00
2.67 66.13 0.00 0.00
2.68 64.73 0.00 0.00
2.68 63.30 0.00 0.00
2.69 61.86 0.00 0.00
2.69 60.39 0.00 0.00
2.70 58.91 0.00 0.00
2.71 57.40 0.00 0.00
2.71 55.89 0.00 0.00
2.72 54.36 0.00 0.00
2.72 52.81 0.00 0.00
2.73 51.26 0.00 0.00
2.73 49.70 0.00 0.00
2.74 48.14 0.00 0.00
2.74 46.57 0.00 0.00
2.75 45.00 0.00 0.00
2.76 43.43 0.00 0.00
2.76 41.86 0.00 0.00
2.77 40.30 0.00 0.00
2.77 38.74 0.00 0.00
2.78 37.19 0.00 0.00
2.78 35.64 0.00 0.00
2.79 34.11 0.00 0.00
2.79 32.60 0.00 0.00
2.80 31.09 0.00 0.00
2.81 29.61 0.00 0.00
2.81 28.14 0.00 0.00
2.82 26.70 0.00 0.00
2.82 25.27 0.00 0.00
2.83 23.87 0.00 0.00
2.83 22.50 0.00 0.00
2.84 21.15 0.00 0.00
2.84 19.84 0.00 0.00
2.85 18.55 0.00 0.00
2.86 17.30 0.00 0.00
2.86 16.07 0.00 0.00
2.87 14.89 0.00 0.00
2.87 13.74 0.00 0.00
2.88 12.63 0.00 0.00
2.88 11.56 0.00 0.00
2.89 10.53 0.00 0.00
2.89 9.54 0.00 0.00
2.90 8.59 0.00 0.00
2.91 7.69 0.00 0.00
2.91 6.84 0.00 0.00
2.92 6.03 0.00 0.00
2.92 5.27 0.00 0.00
2.93 4.55 0.00 0.00
2.93 3.89 0.00 0.00
2.94 3.28 0.00 0.00
2.94 2.71 0.00 0.00
2.95 2.20 0.00 0.00
2.96 1.74 0.00 0.00
2.96 1.34 0.00 0.00
2.97 0.98 0.00 0.00
2.97 0.68 0.00 0.00
2.98 0.44 0.00 0.00
2.98 0.25 0.00 0.00
2.99 0.11 0.00 0.00
2.99 0.03 0.00 0.00
3.00 0.00 0.00 0.00
3.01 0.03 0.00 0.00
3.01 0.11 0.00 0.00
3.02 0.25 0.00 0.00
3.02 0.44 0.00 0.00
3.03 0.68 0.00 0.00
3.03 0.98 0.00 0.00
3.04 1.34 0.00 0.00
3.04 1.74 0.00 0.00
3.05 2.20 0.00 0.00
3.06 2.71 0.00 0.00
3.06 3.28 0.00 0.00
3.07 3.89 0.00 0.00
3.07 4.55 0.00 0.00
3.08 5.27 0.00 0.00
3.08 6.03 0.00 0.00
3.09 6.84 0.00 0.00
3.09 7.69 0.00 0.00
3.10 8.59 0.00 0.00
3.11 9.54 0.00 0.00
3.11 10.53 0.00 0.00
3.12 11.56 0.00 0.00
3.12 12.63 0.00 0.00
3.13 13.74 0.00 0.00
3.13 14.89 0.00 0.00
3.14 16.07 0.00 0.00
3.14 17.30 0.00 0.00
3.15 18.55 0.00 0.00
3.16 19.84 0.00 0.00
3.16 21.15 0.00 0.00
3.17 22.50 0.00 0.00
3.17 23.87 0.00 0.00
3.18 25.27 0.00 0.00
3.18 26.70 0.00 0.00
3.19 28.14 0.00 0.00
3.19 29.61 0.00 0.00
3.20 31.09 0.00 0.00
3.21 32.60 0.00 0.00
3.21 34.11 0.00 0.00
3.22 35.64 0.00 0.00
3.22 37.19 0.00 0.00
3.23 38.74 0.00 0.00
3.23 40.30 0.00 0.00
3.24 41.86 0.00 0.00
3.24 43.43 0.00 0.00
3.25 45.00 0.00 0.00
3.26 46.57 0.00 0.00
3.26 48.14 0.00 0.00
3.27 49.70 0.00 0.00
3.27 51.26 0.00 0.00
3.28 52.81 0.00 0.00
3.28 54.36 0.00 0.00
3.29 55.89 0.00 0.00
3.29 57.40 0.00 0.00
3.30 58.91 0.00 0.00
3.31 60.39 0.00 0.00
3.31 61.86 0.00 0.00
3.32 63.30 0.00 0.00
3.32 64.73 0.00 0.00
3.33 66.13 0.00 0.00
3.33 67.50 0.00 0.00
3.34 68.85 0.00 0.00
3.34 70.16 0.00 0.00
3.35 71.45 0.00 0.00
3.36 72.70 0.00 0.00
3.36 73.93 0.00 0.00
3.37 75.11 0.00 0.00
3.37 76.26 0.00 0.00
3.38 77.37 0.00 0.00
3.38 78.44 0.00 0.00
3.39 79.47 0.00 0.00
3.39 80.46 0.00 0.00
3.40 81.41 0.00 0.00
3.41 82.31 0.00 0.00
3.41 83.16 0.00 0.00
3.42 83.97 0.00 0.00
3.42 84.73 0.00 0.00
3.43 85.45 0.00 0.00
3.43 86.11 0.00 0.00
3.44 86.72 0.00 0.00
3.44 87.29 0.00 0.00
3.45 87.80 0.00 0.00
3.46 88.26 0.00 0.00
3.46 88.66 0.00 0.00
3.47 89.02 0.00 0.00
3.47 89.32 0.00 0.00
3.48 89.56 0.00 0.00
3.48 89.75 0.00 0.00
3.49 89.89 0.00 0.00
3.49 89.97 0.00 0.00
3.50 90.00 0.00 0.00
3.51 89.97 0.00 0.00
3.51 89.89 0.00 0.00
3.52 89.75 0.00 0.00
3.52 89.56 0.00 0.00
3.53 89.32 0.00 0.00
3.53 89.02 0.00 0.00
3.54 88.66 0.00 0.00
3.54 88.26 0.00 0.00
3.55 87.80 0.00 0.00
3.56 87.29 0.00 0.00
3.56 86.72 0.00 0.00
3.57 86.11 0.00 0.00
3.57 85.45 0.00 0.00
3.58 84.73 0.00 0.00
3.58 83.97 0.00 0.00
3.59 83.16 0.00 0.00
3.59 82.31 0.00 0.00
3.60 81.41 0.00 0.00
3.61 80.46 0.00 0.00
3.61 79.47 0.00 0.00
3.62 78.44 0.00 0.00
3.62 77.37 0.00 0.00
3.63 76.26 0.00 0.00
3.63 75.11 0.00 0.00
3.64 73.93 0.00 0.00
3.64 72.70 0.00 0.00
3.65 71.45 0.00 0.00
3.66 70.16 0.00 0.00
3.66 68.85 0.00 0.00
3.67 67.50 0.00 0.00
3.67 66.13 0.00 0.00
3.68 64.73 0.00 0.00
3.68 63.30 0.00 0.00
3.69 61.86 0.00 0.00
3.69 60.39 0.00 0.00
3.70 58.91 0.00 0.00
3.71 57.40 0.00 0.00
3.71 55.89 0.00 0.00
3.72 54.36 0.00 0.00
3.72 52.81 0.00 0.00
3.73 51.26 0.00 0.00
3.73 49.70 0.00 0.00
3.74 48.14 0.00 0.00
3.74 46.57 0.00 0.00
3.75 45.00 0.00 0.00
3.76 43.43 0.00 0.00
3.76 41.86 0.00 0.00
3.77 40.30 0.00 0.00
3.77 38.74 0.00 0.00
3.78 37.19 0.00 0.00
3.78 35.64 0.00 0.00
3.79 34.11 0.00 0.00
3.79 32.60 0.00 0.00
3.80 31.09 0.00 0.00
3.81 29.61 0.00 0.00
3.81 28.14 0.00 0.00
3.82 26.70 0.00 0.00
3.82 25.27 0.00 0.00
3.83 23.87 0.00 0.00
3.83 22.50 0.00 0.00
3.84 21.15 0.00 0.00
3.84 19.84 0.00 0.00
3.85 18.55 0.00 0.00
3.86 17.30 0.00 0.00
3.86 16.07 0.00 0.00
3.87 14.89 0.00 0.00
3.87 13.74 0.00 0.00
3.88 12.63 0.00 0.00
3.88 11.56 0.00 0.00
3.89 10.53 0.00 0.00
3.89 9.54 0.00 0.00
3.90 8.59 0.00 0.00
3.91 7.69 0.00 0.00
3.91 6.84 0.00 0.00
3.92 6.03 0.00 0.00
3.92 5.27 0.00 0.00
3.93 4.55 0.00 0.00
3.93 3.89 0.00 0.00
3.94 3.28 0.00 0.00
3.94 2.71 0.00 0.00
3.95 2.20 0.00 0.00
3.96 1.74 0.00 0.00
3.96 1.34 0.00 0.00
3.97 0.98 0.00 0.00
3.97 0.68 0.00 0.00
3.98 0.44 0.00 0.00
3.98 0.25 0.00 0.00
3.99 0.11 0.00 0.00
3.99 0.03 0.00 0.00
4.00 0.00 0.00 0.00
4.01 0.03 0.00 0.00
4.01 0.11 0.00 0.00
4.02 0.25 0.00 0.00
4.02 0.44 0.00 0.00
4.03 0.68 0.00 0.00
4.03 0.98 0.00 0.00
4.04 1.34 0.00 0.00
4.04 1.74 0.00 0.00
4.05 2.20 0.00 0.00
4.06 2.71 0.00 0.00
4.06 3.28 0.00 0.00
4.07 3.89 0.00 0.00
4.07 4.55 0.00 0.00
4.08 5.27 0.00 0.00
4.08 6.03 0.00 0.00
4.09 6.84 0.00 0.00
4.09 7.69 0.00 0.00
4.10 8.59 0.00 0.00
4.11 9.54 0.00 0.00
4.11 10.53 0.00 0.00
4.12 11.56 0.00 0.00
4.12 12.63 0.00 0.00
4.13 13.74 0.00 0.00
4.13 14.89 0.00 0.00
4.14 16.07 0.00 0.00
4.14 17.30 0.00 0.00
4.15 18.55 0.00 0.00
4.16 19.84 0.00 0.00
4.16 21.15 0.00 0.00
4.17 22.50 0.00 0.00
4.17 23.87 0.00 0.00
4.18 25.27 0.00 0.00
4.18 26.70 0.00 0.00
4.19 28.14 0.00 0.00
4.19 29.61 0.00 0.00
4.20 31.09 0.00 0.00
4.21 32.60 0.00 0.00
4.21 34.11 0.00 0.00
4.22 35.64 0.00 0.00
4.22 37.19 0.00 0.00
4.23 38.74 0.00 0.00
4.23 40.30 0.00 0.00
4.24 41.86 0.00 0.00
4.24 43.43 0.00 0.00
4.25 45.00 0.00 0.00
4.26 46.57 0.00 0.00
4.26 48.14 0.00 0.00
4.27 49.70 0.00 0.00
4.27 51.26 0.00 0.00
4.28 52.81 0.00 0.00
4.28 54.36 0.00 0.00
4.29 55.89 0.00 0.00
4.29 57.40 0.00 0.00
4.30 58.91 0.00 0.00
4.31 60.39 0.00 0.00
4.31 61.86 0.00 0.00
4.32 63.30 0.00 0.00
4.32 64.73 0.00 0.00
4.33 66.13 0.00 0.00
4.33 67.50 0.00 0.00
4.34 68.85 0.00 0.00
4.34 70.16 0.00 0.00
4.35 71.45 0.00 0.00
4.36 72.70 0.00 0.00
4.36 73.93 0.00 0.00
4.37 75.11 0.00 0.00
4.37 76.26 0.00 0.00
4.38 77.37 0.00 0.00
4.38 78.44 0.00 0.00
4.39 79.47 0.00 0.00
4.39 80.46 0.00 0.00
4.40 81.41 0.00 0.00
4.41 82.31 0.00 0.00
4.41 83.16 0.00 0.00
4.42 83.97 0.00 0.00
4.42 84.73 0.00 0.00
4.43 85.45 0.00 0.00
4.43 86.11 0.00 0.00
4.44 86.72 0.00 0.00
4.44 87.29 0.00 0.00
4.45 87.80 0.00 0.00
4.46 88.26 0.00 0.00
4.46 88.66 0.00 0.00
4.47 89.02 0.00 0.00
4.47 89.32 0.00 0.00
4.48 89.56 0.00 0.00
4.48 89.75 0.00 0.00
4.49 89.89 0.00 0.00
4.49 89.97 0.00 0.00
4.50 90.00 0.00 0.00
4.51 89.97 0.00 0.00
4.51 89.89 0.00 0.00
4.52 89.75 0.00 0.00
4.52 89.56 0.00 0.00
4.53 89.32 0.00 0.00
4.53 89.02 0.00 0.00
4.54 88.66 0.00 0.00
4.54 88.26 0.00 0.00
4.55 87.80 0.00 0.00
4.56 87.29 0.00 0.00
4.56 86.72 0.00 0.00
4.57 86.11 0.00 0.00
4.57 85.45 0.00 0.00
4.58 84.73 0.00 0.00
4.58 83.97 0.00 0.00
4.59 83.16 0.00 0.00
4.59 82.31 0.00 0.00
4.60 81.41 0.00 0.00
4.61 80.46 0.00 0.00
4.61 79.47 0.00 0.00
4.62 78.44 0.00 0.00
4.62 77.37 0.00 0.00
4.63 76.26 0.00 0.00
4.63 75.11 0.00 0.00
4.64 73.93 0.00 0.00
4.64 72.70 0.00 0.00
4.65 71.45 0.00 0.00
4.66 70.16 0.00 0.00
4.66 68.85 0.00 0.00
4.67 67.50 0.00 0.00
4.67 66.13 0.00 0.00
4.68 64.73 0.00 0.00
4.68 63.30 0.00 0.00
4.69 61.86 0.00 0.00
4.69 60.39 0.00 0.00
4.70 58.91 0.00 0.00
4.71 57.40 0.00 0.00
4.71 55.89 0.00 0.00
4.72 54.36 0.00 0.00
4.72 52.81 0.00 0.00
4.73 51.26 0.00 0.00
4.73 49.70 0.00 0.00
4.74 48.14 0.00 0.00
4.74 46.57 0.00 0.00
4.75 45.00 0.00 0.00
4.76 43.43 0.00 0.00
4.76 41.86 0.00 0.00
4.77 40.30 0.00 0.00
4.77 38.74 0.00 0.00
4.78 37.19 0.00 0.00
4.78 35.64 0.00 0.00
4.79 34.11 0.00 0.00
4.79 32.60 0.00 0.00
4.80 31.09 0.00 0.00
4.81 29.61 0.00 0.00
4.81 28.14 0.00 0.00
4.82 26.70 0.00 0.00
4.82 25.27 0.00 0.00
4.83 23.87 0.00 0.00
4.83 22.50 0.00 0.00
4.84 21.15 0.00 0.00
4.84 19.84 0.00 0.00
4.85 18.55 0.00 0.00
4.86 17.30 0.00 0.00
4.86 16.07 0.00 0.00
4.87 14.89 0.00 0.00
4.87 13.74 0.00 0.00
4.88 12.63 0.00 0.00
4.88 11.56 0.00 0.00
4.89 10.53 0.00 0.00
4.89 9.54 0.00 0.00
4.90 8.59 0.00 0.00
4.91 7.69 0.00 0.00
4.91 6.84 0.00 0.00
4.92 6.03 0.00 0.00
4.92 5.27 0.00 0.00
4.93 4.55 0.00 0.00
4.93 3.89 0.00 0.00
4.94 3.28 0.00 0.00
4.94 2.71 0.00 0.00
4.95 2.20 0.00 0.00
4.96 1.74 0.00 0.00
4.96 1.34 0.00 0.00
4.97 0.98 0.00 0.00
4.97 0.68 0.00 0.00
4.98 0.44 0.00 0.00
4.98 0.25 0.00 0.00
4.99 0.11 0.00 0.00
4.99 0.03 0.00 0.00
5.00 0.00 0.00 0.00
5.01 0.03 0.00 0.00
5.01 0.11 0.00 0.00
5.02 0.25 0.00 0.00
5.02 0.44 0.00 0.00
5.03 0.68 0.00 0.00
5.03 0.98 0.00 0.00
5.04 1.34 0.00 0.00
5.04 1.74 0.00 0.00
5.05 2.20 0.00 0.00
5.06 2.71 0.00 0.00
5.06 3.28 0.00 0.00
5.07 3.89 0.00 0.00
5.07 4.55 0.00 0.00
5.08 5.27 0.00 0.00
5.08 6.03 0.00 0.00
5.09 6.84 0.00 0.00
5.09 7.69 0.00 0.00
5.10 8.59 0.00 0.00
5.11 9.54 0.00 0.00
5.11 10.53 0.00 0.00
5.12 11.56 0.00 0.00
5.12 12.63 0.00 0.00
5.13 13.74 0.00 0.00
5.13 14.89 0.00 0.00
5.14 16.07 0.00 0.00
5.14 17.30 0.00 0.00
5.15 18.55 0.00 0.00
5.16 19.84 0.00 0.00
5.16 21.15 0.00 0.00
5.17 22.50 0.00 0.00
5.17 23.87 0.00 0.00
5.18 25.27 0.00 0.00
5.18 26.70 0.00 0.00
5.19 28.14 0.00 0.00
5.19 29.61 0.00 0.00
5.20 31.09 0.00 0.00
5.21 32.60 0.00 0.00
5.21 34.11 0.00 0.00
5.22 35.64 0.00 0.00
5.22 37.19 0.00 0.00
5.23 38.74 0.00 0.00
5.23 40.30 0.00 0.00
5.24 41.86 0.00 0.00
5.24 43.43 0.00 0.00
5.25 45.00 0.00 0.00
5.26 46.57 0.00 0.00
5.26 48.14 0.00 0.00
5.27 49.70 0.00 0.00
5.27 51.26 0.00 0.00
5.28 52.81 0.00 0.00
5.28 54.36 0.00 0.00
5.29 55.89 0.00 0.00
5.29 57.40 0.00 0.00
5.30 58.91 0.00 0.00
5.31 60.39 0.00 0.00
5.31 61.86 0.00 0.00
5.32 63.30 0.00 0.00
5.32 64.73 0.00 0.00
5.33 66.13 0.00 0.00
5.33 67.50 0.00 0.00
5.34 68.85 0.00 0.00
5.34 70.16 0.00 0.00
5.35 71.45 0.00 0.00
5.36 72.70 0.00 0.00
5.36 73.93 0.00 0.00
5.37 75.11 0.00 0.00
5.37 76.26 0.00 0.00
5.38 77.37 0.00 0.00
5.38 78.44 0.00 0.00
5.39 79.47 0.00 0.00
5.39 80.46 0.00 0.00
5.40 81.41 0.00 0.00
5.41 82.31 0.00 0.00
5.41 83.16 0.00 0.00
5.42 83.97 0.00 0.00
5.42 84.73 0.00 0.00
5.43 85.45 0.00 0.00
5.43 86.11 0.00 0.00
5.44 86.72 0.00 0.00
5.44 87.29 0.00 0.00
5.45 87.80 0.00 0.00
5.46 88.26 0.00 0.00
5.46 88.66 0.00 0.00
5.47 89.02 0.00 0.00
5.47 89.32 0.00 0.00
5.48 89.56 0.00 0.00
5.48 89.75 0.00 0.00
5.49 89.89 0.00 0.00
5.49 89.97 0.00 0.00
5.50 90.00 0.00 0.00
5.51 89.97 0.00 0.00
5.51 89.89 0.00 0.00
5.52 89.75 0.00 0.00
5.52 89.56 0.00 0.00
5.53 89.32 0.00 0.00
5.53 89.02 0.00 0.00
5.54 88.66 0.00 0.00
5.54 88.26 0.00 0.00
5.55 87.80 0.00 0.00
5.56 87.29 0.00 0.00
5.56 86.72 0.00 0.00
5.57 86.11 0.00 0.00
5.57 85.45 0.00 0.00
5.58 84.73 0.00 0.00
5.58 83.97 0.00 0.00
5.59 83.16 0.00 0.00
5.59 82.31 0.00 0.00
5.60 81.41 0.00 0.00
5.61 80.46 0.00 0.00
5.61 79.47 0.00 0.00
5.62 78.44 0.00 0.00
5.62 77.37 0.00 0.00
5.63 76.26 0.00 0.00
5.63 75.11 0.00 0.00
5.64 73.93 0.00 0.00
5.64 72.70 0.00 0.00
5.65 71.45 0.00 0.00
5.66 70.16 0.00 0.00
5.66 68.85 0.00 0.00
5.67 67.50 0.00 0.00
5.67 66.13 0.00 0.00
5.68 64.73 0.00 0.00
5.68 63.30 0.00 0.00
5.69 61.86 0.00 0.00
5.69 60.39 0.00 0.00
5.70 58.91 0.00 0.00
5.71 57.40 0.00 0.00
5.71 55.89 0.00 0.00
5.72 54.36 0.00 0.00
5.72 52.81 0.00 0.00
5.73 51.26 0.00 0.00
5.73 49.70 0.00 0.00
5.74 48.14 0.00 0.00
5.74 46.57 0.00 0.00
5.75 45.00 0.00 0.00
5.76 43.43 0.00 0.00
5.76 41.86 0.00 0.00
5.77 40.30 0.00 0.00
5.77 38.74 0.00 0.00
5.78 37.19 0.00 0.00
5.78 35.64 0.00 0.00
5.79 34.11 0.00 0.00
5.79 32.60 0.00 0.00
5.80 31.09 0.00 0.00
5.81 29.61 0.00 0.00
5.81 28.14 0.00 0.00
5.82 26.70 0.00 0.00
5.82 25.27 0.00 0.00
5.83 23.87 0.00 0.00
5.83 22.50 0.00 0.00
5.84 21.15 0.00 0.00
5.84 19.84 0.00 0.00
5.85 18.55 0.00 0.00
5.86 17.30 0.00 0.00
5.86 16.07 0.00 0.00
5.87 14.89 0.00 0.00
5.87 13.74 0.00 0.00
5.88 12.63 0.00 0.00
5.88 11.56 0.00 0.00
5.89 10.53 0.00 0.00
5.89 9.54 0.00 0.00
5.90 8.59 0.00 0.00
5.91 7.69 0.00 0.00
5.91 6.84 0.00 0.00
5.92 6.03 0.00 0.00
5.92 5.27 0.00 0.00
5.93 4.55 0.00 0.00
5.93 3.89 0.00 0.00
5.94 3.28 0.00 0.00
5.94 2.71 0.00 0.00
5.95 2.20 0.00 0.00
5.96 1.74 0.00 0.00
5.96 1.34 0.00 0.00
5.97 0.98 0.00 0.00
5.97 0.68 0.00 0.00
5.98 0.44 0.00 0.00
5.98 0.25 0.00 0.00
5.99 0.11 0.00 0.00
5.99 0.03 0.00 0.00
6.00 0.00 0.00 0.00
6.01 0.03 0.00 0.00
6.01 0.11 0.00 0.00
6.02 0.25 0.00 0.00
6.02 0.44 0.00 0.00
6.03 0.68 0.00 0.00
6.03 0.98 0.00 0.00
6.04 1.34 0.00 0.00
6.04 1.74 0.00 0.00
6.05 2.20 0.00 0.00
6.06 2.71 0.00 0.00
6.06 3.28 0.00 0.00
6.07 3.89 0.00 0.00
6.07 4.55 0.00 0.00
6.08 5.27 0.00 0.00
6.08 6.03 0.00 0.00
6.09 6.84 0.00 0.00
6.09 7.69 0.00 0.00
6.10 8.59 0.00 0.00
6.11 9.54 0.00 0.00
6.11 10.53 0.00 0.00
6.12 11.56 0.00 0.00
6.12 12.63 0.00 0.00
6.13 13.74 0.00 0.00
6.13 14.89 0.00 0.00
6.14 16.07 0.00 0.00
6.14 17.30 0.00 0.00
6.15 18.55 0.00 0.00
6.16 19.84 0.00 0.00
6.16 21.15 0.00 0.00
6.17 22.50 0.00 0.00
6.17 23.87 0.00 0.00
6.18 25.27 0.00 0.00
6.18 26.70 0.00 0.00
6.19 28.14 0.00 0.00
6.19 29.61 0.00 0.00
6.20 31.09 0.00 0.00
6.21 32.60 0.00 0.00
6.21 34.11 0.00 0.00
6.22 35.64 0.00 0.00
6.22 37.19 0.00 0.00
6.23 38.74 0.00 0.00
6.23 40.30 0.00 0.00
6.24 41.86 0.00 0.00
6.24 43.43 0.00 0.00
6.25 45.00 0.00 0.00
6.26 46.57 0.00 0.00
6.26 48.14 0.00 0.00
6.27 49.70 0.00 0.00
6.27 51.26 0.00 0.00
6.28 52.81 0.00 0.00
6.28 54.36 0.00 0.00
6.29 55.89 0.00 0.00
6.29 57.40 0.00 0.00
6.30 58.91 0.00 0.00
6.31 60.39 0.00 0.00
6.31 61.86 0.00 0.00
6.32 63.30 0.00 0.00
6.32 64.73 0.00 0.00
6.33 66.13 0.00 0.00
6.33 67.50 0.00 0.00
6.34 68.85 0.00 0.00
6.34 70.16 0.00 0.00
6.35 71.45 0.00 0.00
6.36 72.70 0.00 0.00
6.36 73.93 0.00 0.00
6.37 75.11 0.00 0.00
6.37 76.26 0.00 0.00
6.38 77.37 0.00 0.00
6.38 78.44 0.00 0.00
6.39 79.47 0.00 0.00
6.39 80.46 0.00 0.00
6.40 81.41 0.00 0.00
6.41 82.31 0.00 0.00
6.41 83.16 0.00 0.00
6.42 83.97 0.00 0.00
6.42 84.73 0.00 0.00
6.43 85.45 0.00 0.00
6.43 86.11 0.00 0.00
6.44 86.72 0.00 0.00
6.44 87.29 0.00 0.00
6.45 87.80 0.00 0.00
6.46 88.26 0.00 0.00
6.46 88.66 0.00 0.00
6.47 89.02 0.00 0.00
6.47 89.32 0.00 0.00
6.48 89.56 0.00 0.00
6.48 89.75 0.00 0.00
6.49 89.89 0.00 0.00
6.49 89.97 0.00 0.00
6.50 90.00 0.00 0.00
6.51 89.97 0.00 0.00
6.51 89.89 0.00 0.00
6.52 89.75 0.00 0.00
6.52 89.56 0.00 0.00
6.53 89.32 0.00 0.00
6.53 89.02 0.00 0.00
6.54 88.66 0.00 0.00
6.54 88.26 0.00 0.00
6.55 87.80 0.00 0.00
6.56 87.29 0.00 0.00
6.56 86.72 0.00 0.00
6.57 86.11 0.00 0.00
6.57 85.45 0.00 0.00
6.58 84.73 0.00 0.00
6.58 83.97 0.00 0.00
6.59 83.16 0.00 0.00
6.59 82.31 0.00 0.00
6.60 81.41 0.00 0.00
6.61 80.46 0.00 0.00
6.61 79.47 0.00 0.00
6.62 78.44 0.00 0.00
6.62 77.37 0.00 0.00
6.63 76.26 0.00 0.00
6.63 75.11 0.00 0.00
6.64 73.93 0.00 0.00
6.64 72.70 0.00 0.00
6.65 71.45 0.00 0.00
6.66 70.16 0.00 0.00
6.66 68.85 0.00 0.00
6.67 67.50 0.00 0.00
6.67 66.13 0.00 0.00
6.68 64.73 0.00 0.00
6.68 63.30 0.00 0.00
6.69 61.86 0.00 0.00
6.69 60.39 0.00 0.00
6.70 58.91 0.00 0.00
6.71 57.40 0.00 0.00
6.71 55.89 0.00 0.00
6.72 54.36 0.00 0.00
6.72 52.81 0.00 0.00
6.73 51.26 0.00 0.00
6.73 49.70 0.00 0.00
6.74 48.14 0.00 0.00
6.74 46.57 0.00 0.00
6.75 45.00 0.00 0.00
6.76 43.43 0.00 0.00
6.76 41.86 0.00 0.00
6.77 40.30 0.00 0.00
6.77 38.74 0.00 0.00
6.78 37.19 0.00 0.00
6.78 35.64 0.00 0.00
6.79 34.11 0.00 0.00
6.79 32.60 0.00 0.00
6.80 31.09 0.00 0.00
6.81 29.61 0.00 0.00
6.81 28.14 0.00 0.00
6.82 26.70 0.00 0.00
6.82 25.27 0.00 0.00
6.83 23.87 0.00 0.00
6.83 22.50 0.00 0.00
6.84 21.15 0.00 0.00
6.84 19.84 0.00 0.00
6.85 18.55 0.00 0.00
6.86 17.30 0.00 0.00
6.86 16.07 0.00 0.00
6.87 14.89 0.00 0.00
6.87 13.74 0.00 0.00
6.88 12.63 0.00 0.00
6.88 11.56 0.00 0.00
6.89 10.53 0.00 0.00
6.89 9.54 0.00 0.00
6.90 8.59 0.00 0.00
6.91 7.69 0.00 0.00
6.91 6.84 0.00 0.00
6.92 6.03 0.00 0.00
6.92 5.27 0.00 0.00
6.93 4.55 0.00 0.00
6.93 3.89 0.00 0.00
6.94 3.28 0.00 0.00
6.94 2.71 0.00 0.00
6.95 2.20 0.00 0.00
6.96 1.74 0.00 0.00
6.96 1.34 0.00 0.00
6.97 0.98 0.00 0.00
6.97 0.68 0.00 0.00
6.98 0.44 0.00 0.00
6.98 0.25 0.00 0.00
6.99 0.11 0.00 0.00
6.99 0.03 0.00 0.00
7.00 0.00 0.00 0.00
7.01 0.03 0.00 0.00
7.01 0.11 0.00 0.00
7.02 0.25 0.00 0.00
7.02 0.44 0.00 0.00
7.03 0.68 0.00 0.00
7.03 0.98 0.00 0.00
7.04 1.34 0.00 0.00
7.04 1.74 0.00 0.00
7.05 2.20 0.00 0.00
7.06 2.71 0.00 0.00
7.06 3.28 0.00 0.00
7.07 3.89 0.00 0.00
7.07 4.55 0.00 0.00
7.08 5.27 0.00 0.00
7.08 6.03 0.00 0.00
7.09 6.84 0.00 0.00
7.09 7.69 0.00 0.00
7.10 8.59 0.00 0.00
7.11 9.54 0.00 0.00
7.11 10.53 0.00 0.00
7.12 11.56 0.00 0.00
7.12 12.63 0.00 0.00
7.13 13.74 0.00 0.00
7.13 14.89 0.00 0.00
7.14 16.07 0.00 0.00
7.14 17.30 0.00 0.00
7.15 18.55 0.00 0.00
7.16 19.84 0.00 0.00
7.16 21.15 0.00 0.00
7.17 22.50 0.00 0.00
7.17 23.87 0.00 0.00
7.18 25.27 0.00 0.00
7.18 26.70 0.00 0.00
7.19 28.14 0.00 0.00
7.19 29.61 0.00 0.00
7.20 31.09 0.00 0.00
7.21 32.60 0.00 0.00
7.21 34.11 0.00 0.00
7.22 35.64 0.00 0.00
7.22 37.19 0.00 0.00
7.23 38.74 0.00 0.00
7.23 40.30 0.00 0.00
7.24 41.86 0.00 0.00
7.24 43.43 0.00 0.00
7.25 45.00 0.00 0.00
7.26 46.57 0.00 0.00
7.26 48.14 0.00 0.00
7.27 49.70 0.00 0.00
7.27 51.26 0.00 0.00
7.28 52.81 0.00 0.00
7.28 54.36 0.00 0.00
7.29 55.89 0.00 0.00
7.29 57.40 0.00 0.00
7.30 58.91 0.00 0.00
7.31 60.39 0.00 0.00
7.31 61.86 0.00 0.00
7.32 63.30 0.00 0.00
7.32 64.73 0.00 0.00
7.33 66.13 0.00 0.00
7.33 67.50 0.00 0.00
7.34 68.85 0.00 0.00
7.34 70.16 0.00 0.00
7.35 71.45 0.00 0.00
7.36 72.70 0.00 0.00
7.36 73.93 0.00 0.00
7.37 75.11 0.00 0.00
7.37 76.26 0.00 0.00
7.38 77.37 0.00 0.00
7.38 78.44 0.00 0.00
7.39 79.47 0.00 0.00
7.39 80.46 0.00 0.00
7.40 81.41 0.00 0.00
7.41 82.31 0.00 0.00
7.41 83.16 0.00 0.00
7.42 83.97 0.00 0.00
7.42 84.73 0.00 0.00
7.43 85.45 0.00 0.00
7.43 86.11 0.00 0.00
7.44 86.72 0.00 0.00
7.44 87.29 0.00 0.00
7.45 87.80 0.00 0.00
7.46 88.26 0.00 0.00
7.46 88.66 0.00 0.00
7.47 89.02 0.00 0.00
7.47 89.32 0.00 0.00
7.48 89.56 0.00 0.00
7.48 89.75 0.00 0.00
7.49 89.89 0.00 0.00
7.49 89.97 0.00 0.00
7.50 90.00 0.00 0.00
7.51 89.97 0.00 0.00
7.51 89.89 0.00 0.00
7.52 89.75 0.00 0.00
7.52 89.56 0.00 0.00
7.53 89.32 0.00 0.00
7.53 89.02 0.00 0.00
7.54 88.66 0.00 0.00
7.54 88.26 0.00 0.00
7.55 87.80 0.00 0.00
7.56 87.29 0.00 0.00
7.56 86.72 0.00 0.00
7.57 86.11 0.00 0.00
7.57 85.45 0.00 0.00
7.58 84.73 0.00 0.00
7.58 83.97 0.00 0.00
7.59 83.16 0.00 0.00
7.59 82.31 0.00 0.00
7.60 81.41 0.00 0.00
7.61 80.46 0.00 0.00
7.61 79.47 0.00 0.00
7.62 78.44 0.00 0.00
7.62 77.37 0.00 0.00
7.63 76.26 0.00 0.00
7.63 75.11 0.00 0.00
7.64 73.93 0.00 0.00
7.64 72.70 0.00 0.00
7.65 71.45 0.00 0.00
7.66 70.16 0.00 0.00
7.66 68.85 0.00 0.00
7.67 67.50 0.00 0.00
7.67 66.13 0.00 0.00
7.68 64.73 0.00 0.00
7.68 63.30 0.00 0.00
7.69 61.86 0.00 0.00
7.69 60.39 0.00 0.00
7.70 58.91 0.00 0.00
7.71 57.40 0.00 0.00
7.71 55.89 0.00 0.00
7.72 54.36 0.00 0.00
7.72 52.81 0.00 0.00
7.73 51.26 0.00 0.00
7.73 49.70 0.00 0.00
7.74 48.14 0.00 0.00
7.74 46.57 0.00 0.00
7.75 45.00 0.00 0.00
7.76 43.43 0.00 0.00
7.76 41.86 0.00 0.00
7.77 40.30 0.00 0.00
7.77 38.74 0.00 0.00
7.78 37.19 0.00 0.00
7.78 35.64 0.00 0.00
7.79 34.11 0.00 0.00
7.79 32.60 0.00 0.00
7.80 31.09 0.00 0.00
7.81 29.61 0.00 0.00
7.81 28.14 0.00 0.00
7.82 26.70 0.00 0.00
7.82 25.27 0.00 0.00
7.83 23.87 0.00 0.00
7.83 22.50 0.00 0.00
7.84 21.15 0.00 0.00
7.84 19.84 0.00 0.00
7.85 18.55 0.00 0.00
7.86 17.30 0.00 0.00
7.86 16.07 0.00 0.00
7.87 14.89 0.00 0.00
7.87 13.74 0.00 0.00
7.88 12.63 0.00 0.00
7.88 11.56 0.00 0.00
7.89 10.53 0.00 0.00
7.89 9.54 0.00 0.00
7.90 8.59 0.00 0.00
7.91 7.69 0.00 0.00
7.91 6.84 0.00 0.00
7.92 6.03 0.00 0.00
7.92 5.27 0.00 0.00
7.93 4.55 0.00 0.00
7.93 3.89 0.00 0.00
7.94 3.28 0.00 0.00
7.94 2.71 0.00 0.00
7.95 2.20 0.00 0.00
7.96 1.74 0.00 0.00
7.96 1.34 0.00 0.00
7.97 0.98 0.00 0.00
7.97 0.68 0.00 0.00
7.98 0.44 0.00 0.00
7.98 0.25 0.00 0.00
7.99 0.11 0.00 0.00
7.99 0.03 0.00 0.00
8.00 0.00 0.00 0.00
8.01 0.03 0.00 0.00
8.01 0.11 0.00 0.00
8.02 0.25 0.00 0.00
8.02 0.44 0.00 0.00
8.03 0.68 0.00 0.00
8.03 0.98 0.00 0.00
8.04 1.34 0.00 0.00
8.04 1.74 0.00 0.00
8.05 2.20 0.00 0.00
8.06 2.71 0.00 0.00
8.06 3.28 0.00 0.00
8.07 3.89 0.00 0.00
8.07 4.55 0.00 0.00
8.08 5.27 0.00 0.00
8.08 6.03 0.00 0.00
8.09 6.84 0.00 0.00
8.09 7.69 0.00 0.00
8.10 8.59 0.00 0.00
8.11 9.54 0.00 0.00
8.11 10.53 0.00 0.00
8.12 11.56 0.00 0.00
8.12 12.63 0.00 0.00
8.13 13.74 0.00 0.00
8.13 14.89 0.00 0.00
8.14 16.07 0.00 0.00
8.14 17.30 0.00 0.00
8.15 18.55 0.00 0.00
8.16 19.84 0.00 0.00
8.16 21.15 0.00 0.00
8.17 22.50 0.00 0.00
8.17 23.87 0.00 0.00
8.18 25.27 0.00 0.00
8.18 26.70 0.00 0.00
8.19 28.14 0.00 0.00
8.19 29.61 0.00 0.00
8.20 31.09 0.00 0.00
8.21 32.60 0.00 0.00
8.21 34.11 0.00 0.00
8.22 35.64 0.00 0.00
8.22 37.19 0.00 0.00
8.23 38.74 0.00 0.00
8.23 40.30 0.00 0.00
8.24 41.86 0.00 0.00
8.24 43.43 0.00 0.00
8.25 45.00 0.00 0.00
8.26 46.57 0.00 0.00
8.26 48.14 0.00 0.00
8.27 49.70 0.00 0.00
8.27 51.26 0.00 0.00
8.28 52.81 0.00 0.00
8.28 54.36 0.00 0.00
8.29 55.89 0.00 0.00
8.29 57.40 0.00 0.00
8.30 58.91 0.00 0.00
8.31 60.39 0.00 0.00
8.31 61.86 0.00 0.00
8.32 63.30 0.00 0.00
8.32 64.73 0.00 0.00
8.33 66.13 0.00 0.00
8.33 67.50 0.00 0.00
8.34 68.85 0.00 0.00
8.34 70.16 0.00 0.00
8.35 71.45 0.00 0.00
8.36 72.70 0.00 0.00
8.36 73.93 0.00 0.00
8.37 75.11 0.00 0.00
8.37 76.26 0.00 0.00
8.38 77.37 0.00 0.00
8.38 78.44 0.00 0.00
8.39 79.47 0.00 0.00
8.39 80.46 0.00 0.00
8.40 81.41 0.00 0.00
8.41 82.31 0.00 0.00
8.41 83.16 0.00 0.00
8.42 83.97 0.00 0.00
8.42 84.73 0.00 0.00
8.43 85.45 0.00 0.00
8.43 86.11 0.00 0.00
8.44 86.72 0.00 0.00
8.44 87.29 0.00 0.00
8.45 87.80 0.00 0.00
8.46 88.26 0.00 0.00
8.46 88.66 0.00 0.00
8.47 89.02 0.00 0.00
8.47 89.32 0.00 0.00
8.48 89.56 0.00 0.00
8.48 89.75 0.00 0.00
8.49 89.89 0.00 0.00
8.49 89.97 0.00 0.00
8.50 90.00 0.00 0.00
8.51 89.97 0.00 0.00
8.51 89.89 0.00 0.00
8.52 89.75 0.00 0.00
8.52 89.56 0.00 0.00
8.53 89.32 0.00 0.00
8.53 89.02 0.00 0.00
8.54 88.66 0.00 0.00
8.54 88.26 0.00 0.00
8.55 87.80 0.00 0.00
8.56 87.29 0.00 0.00
8.56 86.72 0.00 0.00
8.57 86.11 0.00 0.00
8.57 85.45 0.00 0.00
8.58 84.73 0.00 0.00
8.58 83.97 0.00 0.00
8.59 83.16 0.00 0.00
8.59 82.31 0.00 0.00
8.60 81.41 0.00 0.00
8.61 80.46 0.00 0.00
8.61 79.47 0.00 0.00
8.62 78.44 0.00 0.00
8.62 77.37 0.00 0.00
8.63 76.26 0.00 0.00
8.63 75.11 0.00 0.00
8.64 73.93 0.00 0.00
8.64 72.70 0.00 0.00
8.65 71.45 0.00 0.00
8.66 70.16 0.00 0.00
8.66 68.85 0.00 0.00
8.67 67.50 0.00 0.00
8.67 66.13 0.00 0.00
8.68 64.73 0.00 0.00
8.68 63.30 0.00 0.00
8.69 61.86 0.00 0.00
8.69 60.39 0.00 0.00
8.70 58.91 0.00 0.00
8.71 57.40 0.00 0.00
8.71 55.89 0.00 0.00
8.72 54.36 0.00 0.00
8.72 52.81 0.00 0.00
8.73 51.26 0.00 0.00
8.73 49.70 0.00 0.00
8.74 48.14 0.00 0.00
8.74 46.57 0.00 0.00
8.75 45.00 0.00 0.00
8.76 43.43 0.00 0.00
8.76 41.86 0.00 0.00
8.77 40.30 0.00 0.00
8.77 38.74 0.00 0.00
8.78 37.19 0.00 0.00
8.78 35.64 0.00 0.00
8.79 34.11 0.00 0.00
8.79 32.60 0.00 0.00
8.80 31.09 0.00 0.00
8.81 29.61 0.00 0.00
8.81 28.14 0.00 0.00
8.82 26.70 0.00 0.00
8.82 25.27 0.00 0.00
8.83 23.87 0.00 0.00
8.83 22.50 0.00 0.00
8.84 21.15 0.00 0.00
8.84 19.84 0.00 0.00
8.85 18.55 0.00 0.00
8.86 17.30 0.00 0.00
8.86 16.07 0.00 0.00
8.87 14.89 0.00 0.00
8.87 13.74 0.00 0.00
8.88 12.63 0.00 0.00
8.88 11.56 0.00 0.00
8.89 10.53 0.00 0.00
8.89 9.54 0.00 0.00
8.90 8.59 0.00 0.00
8.91 7.69 0.00 0.00
8.91 6.84 0.00 0.00
8.92 6.03 0.00 0.00
8.92 5.27 0.00 0.00
8.93 4.55 0.00 0.00
8.93 3.89 0.00 0.00
8.94 3.28 0.00 0.00
8.94 2.71 0.00 0.00
8.95 2.20 0.00 0.00
8.96 1.74 0.00 0.00
8.96 1.34 0.00 0.00
8.97 0.98 0.00 0.00
8.97 0.68 0.00 0.00
8.98 0.44 0.00 0.00
8.98 0.25 0.00 0.00
8.99 0.11 0.00 0.00
8.99 0.03 0.00 0.00
9.00 0.00 0.00 0.00
9.01 0.03 0.00 0.00
9.01 0.11 0.00 0.00
9.02 0.25 0.00 0.00
9.02 0.44 0.00 0.00
9.03 0.68 0.00 0.00
9.03 0.98 0.00 0.00
9.04 1.34 0.00 0.00
9.04 1.74 0.00 0.00
9.05 2.20 0.00 0.00
9.06 2.71 0.00 0.00
9.06 3.28 0.00 0.00
9.07 3.89 0.00 0.00
9.07 4.55 0.00 0.00
9.08 5.27 0.00 0.00
9.08 6.03 0.00 0.00
9.09 6.84 0.00 0.00
9.09 7.69 0.00 0.00
9.10 8.59 0.00 0.00
9.11 9.54 0.00 0.00
9.11 10.53 0.00 0.00
9.12 11.56 0.00 0.00
9.12 12.63 0.00 0.00
9.13 13.74 0.00 0.00
9.13 14.89 0.00 0.00
9.14 16.07 0.00 0.00
9.14 17.30 0.00 0.00
9.15 18.55 0.00 0.00
9.16 19.84 0.00 0.00
9.16 21.15 0.00 0.00
9.17 22.50 0.00 0.00
9.17 23.87 0.00 0.00
9.18 25.27 0.00 0.00
9.18 26.70 0.00 0.00
9.19 28.14 0.00 0.00
9.19 29.61 0.00 0.00
9.20 31.09 0.00 0.00
9.21 32.60 0.00 0.00
9.21 34.11 0.00 0.00
9.22 35.64 0.00 0.00
9.22 37.19 0.00 0.00
9.23 38.74 0.00 0.00
9.23 40.30 0.00 0.00
9.24 41.86 0.00 0.00
9.24 43.43 0.00 0.00
9.25 45.00 0.00 0.00
9.26 46.57 0.00 0.00
9.26 48.14 0.00 0.00
9.27 49.70 0.00 0.00
9.27 51.26 0.00 0.00
9.28 52.81 0.00 0.00
9.28 54.36 0.00 0.00
9.29 55.89 0.00 0.00
9.29 57.40 0.00 0.00
9.30 58.91 0.00 0.00
9.31 60.39 0.00 0.00
9.31 61.86 0.00 0.00
9.32 63.30 0.00 0.00
9.32 64.73 0.00 0.00
9.33 66.13 0.00 0.00
9.33 67.50 0.00 0.00
9.34 68.85 0.00 0.00
9.34 70.16 0.00 0.00
9.35 71.45 0.00 0.00
9.36 72.70 0.00 0.00
9.36 73.93 0.00 0.00
9.37 75.11 0.00 0.00
9.37 76.26 0.00 0.00
9.38 77.37 0.00 0.00
9.38 78.44 0.00 0.00
9.39 79.47 0.00 0.00
9.39 80.46 0.00 0.00
9.40 81.41 0.00 0.00
9.41 82.31 0.00 0.00
9.41 83.16 0.00 0.00
9.42 83.97 0.00 0.00
9.42 84.73 0.00 0.00
9.43 85.45 0.00 0.00
9.43 86.11 0.00 0.00
9.44 86.72 0.00 0.00
9.44 87.29 0.00 0.00
9.45 87.80 0.00 0.00
9.46 88.26 0.00 0.00
9.46 88.66 0.00 0.00
9.47 89.02 0.00 0.00
9.47 89.32 0.00 0.00
9.48 89.56 0.00 0.00
9.48 89.75 0.00 0.00
9.49 89.89 0.00 0.00
9.49 89.97 0.00 0.00
9.50 90.00 0.00 0.00
9.51 89.97 0.00 0.00
9.51 89.89 0.00 0.00
9.52 89.75 0.00 0.00
9.52 89.56 0.00 0.00
9.53 89.32 0.00 0.00
9.53 89.02 0.00 0.00
9.54 88.66 0.00 0.00
9.54 88.26 0.00 0.00
9.55 87.80 0.00 0.00
9.56 87.29 0.00 0.00
9.56 86.72 0.00 0.00
9.57 86.11 0.00 0.00
9.57 85.45 0.00 0.00
9.58 84.73 0.00 0.00
9.58 83.97 0.00 0.00
9.59 83.16 0.00 0.00
9.59 82.31 0.00 0.00
9.60 81.41 0.00 0.00
9.61 80.46 0.00 0.00
9.61 79.47 0.00 0.00
9.62 78.44 0.00 0.00
9.62 77.37 0.00 0.00
9.63 76.26 0.00 0.00
9.63 75.11 0.00 0.00
9.64 73.93 0.00 0.00
9.64 72.70 0.00 0.00
9.65 71.45 0.00 0.00
9.66 70.16 0.00 0.00
9.66 68.85 0.00 0.00
9.67 67.50 0.00 0.00
9.67 66.13 0.00 0.00
9.68 64.73 0.00 0.00
9.68 63.30 0.00 0.00
9.69 61.86 0.00 0.00
9.69 60.39 0.00 0.00
9.70 58.91 0.00 0.00
9.71 57.40 0.00 0.00
9.71 55.89 0.00 0.00
9.72 54.36 0.00 0.00
9.72 52.81 0.00 0.00
9.73 51.26 0.00 0.00
9.73 49.70 0.00 0.00
9.74 48.14 0.00 0.00
9.74 46.57 0.00 0.00
9.75 45.00 0.00 0.00
9.76 43.43 0.00 0.00
9.76 41.86 0.00 0.00
9.77 40.30 0.00 0.00
9.77 38.74 0.00 0.00
9.78 37.19 0.00 0.00
9.78 35.64 0.00 0.00
9.79 34.11 0.00 0.00
9.79 32.60 0.00 0.00
9.80 31.09 0.00 0.00
9.81 29.61 0.00 0.00
9.81 28.14 0.00 0.00
9.82 26.70 0.00 0.00
9.82 25.27 0.00 0.00
9.83 23.87 0.00 0.00
9.83 22.50 0.00 0.00
9.84 21.15 0.00 0.00
9.84 19.84 0.00 0.00
9.85 18.55 0.00 0.00
9.86 17.30 0.00 0.00
9.86 16.07 0.00 0.00
9.87 14.89 0.00 0.00
9.87 13.74 0.00 0.00
9.88 12.63 0.00 0.00
9.88 11.56 0.00 0.00
9.89 10.53 0.00 0.00
9.89 9.54 0.00 0.00
9.90 8.59 0.00 0.00
9.91 7.69 0.00 0.00
9.91 6.84 0.00 0.00
9.92 6.03 0.00 0.00
9.92 5.27 0.00 0.00
9.93 4.55 0.00 0.00
9.93 3.89 0.00 0.00
9.94 3.28 0.00 0.00
9.94 2.71 0.00 0.00
9.95 2.20 0.00 0.00
9.96 1.74 0.00 0.00
9.96 1.34 0.00 0.00
9.97 0.98 0.00 0.00
9.97 0.68 0.00 0.00
9.98 0.44 0.00 0.00
9.98 0.25 0.00 0.00
9.99 0.11 0.00 0.00
9.99 0.03 0.00 0.00
10.00 0.00 0.00 0.00
