0.00 0.00 1.00 1.60
0.01 -0.00 1.00 1.60
0.02 -0.01 1.00 1.60
0.03 -0.01 1.00 1.60
0.04 -0.01 1.00 1.60
0.05 -0.02 1.00 1.60
0.06 -0.02 1.00 1.60
0.07 -0.02 1.00 1.60
0.08 -0.03 1.00 1.60
0.09 -0.03 1.00 1.60
0.10 -0.03 1.00 1.60
0.11 -0.03 1.00 1.60
0.12 -0.04 1.00 1.60
0.13 -0.04 1.00 1.60
0.14 -0.04 1.00 1.60
0.15 -0.05 1.00 1.60
0.16 -0.05 1.00 1.60
0.17 -0.05 1.00 1.60
0.18 -0.06 1.00 1.60
0.19 -0.06 1.00 1.60
0.20 -0.06 1.00 1.60
0.21 -0.07 1.00 1.60
0.22 -0.07 1.00 1.60
0.23 -0.07 1.00 1.60
0.24 -0.08 1.00 1.60
0.25 -0.08 1.00 1.60
0.26 -0.08 1.00 1.60
0.27 -0.09 1.00 1.60
0.28 -0.09 1.00 1.60
0.29 -0.09 1.00 1.60
0.30 -0.10 1.00 1.60
0.31 -0.10 1.00 1.60
0.32 -0.10 0.99 1.60
0.33 -0.10 0.99 1.60
0.34 -0.11 0.99 1.60
0.35 -0.11 0.99 1.60
0.36 -0.11 0.99 1.60
0.37 -0.12 0.99 1.60
0.39 -0.12 0.99 1.60
0.40 -0.12 0.99 1.60
0.41 -0.13 0.99 1.60
0.42 -0.13 0.99 1.60
0.43 -0.13 0.99 1.60
0.44 -0.14 0.99 1.60
0.45 -0.14 0.99 1.60
0.46 -0.14 0.99 1.60
0.47 -0.15 0.99 1.60
0.48 -0.15 0.99 1.60
0.49 -0.15 0.99 1.60
0.50 -0.16 0.99 1.60
0.51 -0.16 0.99 1.60
0.52 -0.16 0.99 1.60
0.53 -0.16 0.99 1.60
0.54 -0.17 0.99 1.60
0.55 -0.17 0.99 1.60
0.56 -0.17 0.98 1.60
0.57 -0.18 0.98 1.60
0.58 -0.18 0.98 1.60
0.59 -0.18 0.98 1.60
0.60 -0.19 0.98 1.60
0.61 -0.19 0.98 1.60
0.62 -0.19 0.98 1.60
0.63 -0.20 0.98 1.60
0.64 -0.20 0.98 1.60
0.65 -0.20 0.98 1.60
0.66 -0.21 0.98 1.60
0.67 -0.21 0.98 1.60
0.68 -0.21 0.98 1.60
0.69 -0.21 0.98 1.60
0.70 -0.22 0.98 1.60
0.71 -0.22 0.98 1.60
0.72 -0.22 0.97 1.60
0.73 -0.23 0.97 1.60
0.74 -0.23 0.97 1.60
0.75 -0.23 0.97 1.60
0.76 -0.24 0.97 1.60
0.77 -0.24 0.97 1.60
0.78 -0.24 0.97 1.60
0.79 -0.25 0.97 1.60
0.80 -0.25 0.97 1.60
0.81 -0.25 0.97 1.60
0.82 -0.25 0.97 1.60
0.83 -0.26 0.97 1.60
0.84 -0.26 0.97 1.60
0.85 -0.26 0.96 1.60
0.86 -0.27 0.96 1.60
0.87 -0.27 0.96 1.60
0.88 -0.27 0.96 1.60
0.89 -0.28 0.96 1.60
0.90 -0.28 0.96 1.60
0.91 -0.28 0.96 1.60
0.92 -0.29 0.96 1.60
0.93 -0.29 0.96 1.60
0.94 -0.29 0.96 1.60
0.95 -0.29 0.96 1.60
0.96 -0.30 0.95 1.60
0.97 -0.30 0.95 1.60
0.98 -0.30 0.95 1.60
0.99 -0.31 0.95 1.60
1.00 -0.31 0.95 1.60
1.01 -0.31 0.95 1.60
1.02 -0.32 0.95 1.60
1.03 -0.32 0.95 1.60
1.04 -0.32 0.95 1.60
1.05 -0.32 0.95 1.60
1.06 -0.33 0.94 1.60
1.07 -0.33 0.94 1.60
1.08 -0.33 0.94 1.60
1.09 -0.34 0.94 1.60
1.10 -0.34 0.94 1.60
1.11 -0.34 0.94 1.60
1.12 -0.35 0.94 1.60
1.13 -0.35 0.94 1.60
1.14 -0.35 0.94 1.60
1.16 -0.35 0.93 1.60
1.17 -0.36 0.93 1.60
1.18 -0.36 0.93 1.60
1.19 -0.36 0.93 1.60
1.20 -0.37 0.93 1.60
1.21 -0.37 0.93 1.60
1.22 -0.37 0.93 1.60
1.23 -0.38 0.93 1.60
1.24 -0.38 0.93 1.60
1.25 -0.38 0.92 1.60
1.26 -0.38 0.92 1.60
1.27 -0.39 0.92 1.60
1.28 -0.39 0.92 1.60
1.29 -0.39 0.92 1.60
1.30 -0.40 0.92 1.60
1.31 -0.40 0.92 1.60
1.32 -0.40 0.92 1.60
1.33 -0.40 0.91 1.60
1.34 -0.41 0.91 1.60
1.35 -0.41 0.91 1.60
1.36 -0.41 0.91 1.60
1.37 -0.42 0.91 1.60
1.38 -0.42 0.91 1.60
1.39 -0.42 0.91 1.60
1.40 -0.43 0.91 1.60
1.41 -0.43 0.90 1.60
1.42 -0.43 0.90 1.60
1.43 -0.43 0.90 1.60
1.44 -0.44 0.90 1.60
1.45 -0.44 0.90 1.60
1.46 -0.44 0.90 1.60
1.47 -0.45 0.90 1.60
1.48 -0.45 0.89 1.60
1.49 -0.45 0.89 1.60
1.50 -0.45 0.89 1.60
1.51 -0.46 0.89 1.60
1.52 -0.46 0.89 1.60
1.53 -0.46 0.89 1.60
1.54 -0.46 0.89 1.60
1.55 -0.47 0.88 1.60
1.56 -0.47 0.88 1.60
1.57 -0.47 0.88 1.60
1.58 -0.48 0.88 1.60
1.59 -0.48 0.88 1.60
1.60 -0.48 0.88 1.60
1.61 -0.48 0.87 1.60
1.62 -0.49 0.87 1.60
1.63 -0.49 0.87 1.60
1.64 -0.49 0.87 1.60
1.65 -0.50 0.87 1.60
1.66 -0.50 0.87 1.60
1.67 -0.50 0.87 1.60
1.68 -0.50 0.86 1.60
1.69 -0.51 0.86 1.60
1.70 -0.51 0.86 1.60
1.71 -0.51 0.86 1.60
1.72 -0.51 0.86 1.60
1.73 -0.52 0.86 1.60
1.74 -0.52 0.85 1.60
1.75 -0.52 0.85 1.60
1.76 -0.53 0.85 1.60
1.77 -0.53 0.85 1.60
1.78 -0.53 0.85 1.60
1.79 -0.53 0.85 1.60
1.80 -0.54 0.84 1.60
1.81 -0.54 0.84 1.60
1.82 -0.54 0.84 1.60
1.83 -0.54 0.84 1.60
1.84 -0.55 0.84 1.60
1.85 -0.55 0.84 1.60
1.86 -0.55 0.83 1.60
1.87 -0.56 0.83 1.60
1.88 -0.56 0.83 1.60
1.89 -0.56 0.83 1.60
1.90 -0.56 0.83 1.60
1.91 -0.57 0.82 1.60
1.93 -0.57 0.82 1.60
1.94 -0.57 0.82 1.60
1.95 -0.57 0.82 1.60
1.96 -0.58 0.82 1.60
1.97 -0.58 0.82 1.60
1.98 -0.58 0.81 1.60
1.99 -0.58 0.81 1.60
2.00 -0.59 0.81 1.60
2.01 -0.59 0.81 1.60
2.02 -0.59 0.81 1.60
2.03 -0.59 0.80 1.60
2.04 -0.60 0.80 1.60
2.05 -0.60 0.80 1.60
2.06 -0.60 0.80 1.60
2.07 -0.60 0.80 1.60
2.08 -0.61 0.79 1.60
2.09 -0.61 0.79 1.60
2.10 -0.61 0.79 1.60
2.11 -0.61 0.79 1.60
2.12 -0.62 0.79 1.60
2.13 -0.62 0.79 1.60
2.14 -0.62 0.78 1.60
2.15 -0.62 0.78 1.60
2.16 -0.63 0.78 1.60
2.17 -0.63 0.78 1.60
2.18 -0.63 0.78 1.60
2.19 -0.63 0.77 1.60
2.20 -0.64 0.77 1.60
2.21 -0.64 0.77 1.60
2.22 -0.64 0.77 1.60
2.23 -0.64 0.76 1.60
2.24 -0.65 0.76 1.60
2.25 -0.65 0.76 1.60
2.26 -0.65 0.76 1.60
2.27 -0.65 0.76 1.60
2.28 -0.66 0.75 1.60
2.29 -0.66 0.75 1.60
2.30 -0.66 0.75 1.60
2.31 -0.66 0.75 1.60
2.32 -0.67 0.75 1.60
2.33 -0.67 0.74 1.60
2.34 -0.67 0.74 1.60
2.35 -0.67 0.74 1.60
2.36 -0.68 0.74 1.60
2.37 -0.68 0.74 1.60
2.38 -0.68 0.73 1.60
2.39 -0.68 0.73 1.60
2.40 -0.68 0.73 1.60
2.41 -0.69 0.73 1.60
2.42 -0.69 0.72 1.60
2.43 -0.69 0.72 1.60
2.44 -0.69 0.72 1.60
2.45 -0.70 0.72 1.60
2.46 -0.70 0.72 1.60
2.47 -0.70 0.71 1.60
2.48 -0.70 0.71 1.60
2.49 -0.71 0.71 1.60
2.50 -0.71 0.71 1.60
2.51 -0.71 0.70 1.60
2.52 -0.71 0.70 1.60
2.53 -0.71 0.70 1.60
2.54 -0.72 0.70 1.60
2.55 -0.72 0.70 1.60
2.56 -0.72 0.69 1.60
2.57 -0.72 0.69 1.60
2.58 -0.73 0.69 1.60
2.59 -0.73 0.69 1.60
2.60 -0.73 0.68 1.60
2.61 -0.73 0.68 1.60
2.62 -0.73 0.68 1.60
2.63 -0.74 0.68 1.60
2.64 -0.74 0.67 1.60
2.65 -0.74 0.67 1.60
2.66 -0.74 0.67 1.60
2.67 -0.74 0.67 1.60
2.68 -0.75 0.67 1.60
2.70 -0.75 0.66 1.60
2.71 -0.75 0.66 1.60
2.72 -0.75 0.66 1.60
2.73 -0.76 0.66 1.60
2.74 -0.76 0.65 1.60
2.75 -0.76 0.65 1.60
2.76 -0.76 0.65 1.60
2.77 -0.76 0.65 1.60
2.78 -0.77 0.64 1.60
2.79 -0.77 0.64 1.60
2.80 -0.77 0.64 1.60
2.81 -0.77 0.64 1.60
2.82 -0.77 0.63 1.60
2.83 -0.78 0.63 1.60
2.84 -0.78 0.63 1.60
2.85 -0.78 0.63 1.60
2.86 -0.78 0.62 1.60
2.87 -0.78 0.62 1.60
2.88 -0.79 0.62 1.60
2.89 -0.79 0.62 1.60
2.90 -0.79 0.61 1.60
2.91 -0.79 0.61 1.60
2.92 -0.79 0.61 1.60
2.93 -0.80 0.61 1.60
2.94 -0.80 0.60 1.60
2.95 -0.80 0.60 1.60
2.96 -0.80 0.60 1.60
2.97 -0.80 0.60 1.60
2.98 -0.80 0.59 1.60
2.99 -0.81 0.59 1.60
3.00 -0.81 0.59 1.60
3.01 -0.81 0.59 1.60
3.02 -0.81 0.58 1.60
3.03 -0.81 0.58 1.60
3.04 -0.82 0.58 1.60
3.05 -0.82 0.58 1.60
3.06 -0.82 0.57 1.60
3.07 -0.82 0.57 1.60
3.08 -0.82 0.57 1.60
3.09 -0.83 0.57 1.60
3.10 -0.83 0.56 1.60
3.11 -0.83 0.56 1.60
3.12 -0.83 0.56 1.60
3.13 -0.83 0.55 1.60
3.14 -0.83 0.55 1.60
3.15 -0.84 0.55 1.60
3.16 -0.84 0.55 1.60
3.17 -0.84 0.54 1.60
3.18 -0.84 0.54 1.60
3.19 -0.84 0.54 1.60
3.20 -0.84 0.54 1.60
3.21 -0.85 0.53 1.60
3.22 -0.85 0.53 1.60
3.23 -0.85 0.53 1.60
3.24 -0.85 0.53 1.60
3.25 -0.85 0.52 1.60
3.26 -0.85 0.52 1.60
3.27 -0.86 0.52 1.60
3.28 -0.86 0.51 1.60
3.29 -0.86 0.51 1.60
3.30 -0.86 0.51 1.60
3.31 -0.86 0.51 1.60
3.32 -0.86 0.50 1.60
3.33 -0.87 0.50 1.60
3.34 -0.87 0.50 1.60
3.35 -0.87 0.49 1.60
3.36 -0.87 0.49 1.60
3.37 -0.87 0.49 1.60
3.38 -0.87 0.49 1.60
3.39 -0.88 0.48 1.60
3.40 -0.88 0.48 1.60
3.41 -0.88 0.48 1.60
3.42 -0.88 0.48 1.60
3.43 -0.88 0.47 1.60
3.44 -0.88 0.47 1.60
3.45 -0.88 0.47 1.60
3.47 -0.89 0.46 1.60
3.48 -0.89 0.46 1.60
3.49 -0.89 0.46 1.60
3.50 -0.89 0.46 1.60
3.51 -0.89 0.45 1.60
3.52 -0.89 0.45 1.60
3.53 -0.89 0.45 1.60
3.54 -0.90 0.44 1.60
3.55 -0.90 0.44 1.60
3.56 -0.90 0.44 1.60
3.57 -0.90 0.44 1.60
3.58 -0.90 0.43 1.60
3.59 -0.90 0.43 1.60
3.60 -0.90 0.43 1.60
3.61 -0.91 0.42 1.60
3.62 -0.91 0.42 1.60
3.63 -0.91 0.42 1.60
3.64 -0.91 0.42 1.60
3.65 -0.91 0.41 1.60
3.66 -0.91 0.41 1.60
3.67 -0.91 0.41 1.60
3.68 -0.91 0.40 1.60
3.69 -0.92 0.40 1.60
3.70 -0.92 0.40 1.60
3.71 -0.92 0.40 1.60
3.72 -0.92 0.39 1.60
3.73 -0.92 0.39 1.60
3.74 -0.92 0.39 1.60
3.75 -0.92 0.38 1.60
3.76 -0.92 0.38 1.60
3.77 -0.93 0.38 1.60
3.78 -0.93 0.37 1.60
3.79 -0.93 0.37 1.60
3.80 -0.93 0.37 1.60
3.81 -0.93 0.37 1.60
3.82 -0.93 0.36 1.60
3.83 -0.93 0.36 1.60
3.84 -0.93 0.36 1.60
3.85 -0.94 0.35 1.60
3.86 -0.94 0.35 1.60
3.87 -0.94 0.35 1.60
3.88 -0.94 0.35 1.60
3.89 -0.94 0.34 1.60
3.90 -0.94 0.34 1.60
3.91 -0.94 0.34 1.60
3.92 -0.94 0.33 1.60
3.93 -0.94 0.33 1.60
3.94 -0.94 0.33 1.60
3.95 -0.95 0.32 1.60
3.96 -0.95 0.32 1.60
3.97 -0.95 0.32 1.60
3.98 -0.95 0.32 1.60
3.99 -0.95 0.31 1.60
4.00 -0.95 0.31 1.60
4.01 -0.95 0.31 1.60
4.02 -0.95 0.30 1.60
4.03 -0.95 0.30 1.60
4.04 -0.95 0.30 1.60
4.05 -0.96 0.29 1.60
4.06 -0.96 0.29 1.60
4.07 -0.96 0.29 1.60
4.08 -0.96 0.28 1.60
4.09 -0.96 0.28 1.60
4.10 -0.96 0.28 1.60
4.11 -0.96 0.28 1.60
4.12 -0.96 0.27 1.60
4.13 -0.96 0.27 1.60
4.14 -0.96 0.27 1.60
4.15 -0.96 0.26 1.60
4.16 -0.97 0.26 1.60
4.17 -0.97 0.26 1.60
4.18 -0.97 0.25 1.60
4.19 -0.97 0.25 1.60
4.20 -0.97 0.25 1.60
4.21 -0.97 0.24 1.60
4.22 -0.97 0.24 1.60
4.24 -0.97 0.24 1.60
4.25 -0.97 0.24 1.60
4.26 -0.97 0.23 1.60
4.27 -0.97 0.23 1.60
4.28 -0.97 0.23 1.60
4.29 -0.97 0.22 1.60
4.30 -0.98 0.22 1.60
4.31 -0.98 0.22 1.60
4.32 -0.98 0.21 1.60
4.33 -0.98 0.21 1.60
4.34 -0.98 0.21 1.60
4.35 -0.98 0.20 1.60
4.36 -0.98 0.20 1.60
4.37 -0.98 0.20 1.60
4.38 -0.98 0.20 1.60
4.39 -0.98 0.19 1.60
4.40 -0.98 0.19 1.60
4.41 -0.98 0.19 1.60
4.42 -0.98 0.18 1.60
4.43 -0.98 0.18 1.60
4.44 -0.98 0.18 1.60
4.45 -0.98 0.17 1.60
4.46 -0.99 0.17 1.60
4.47 -0.99 0.17 1.60
4.48 -0.99 0.16 1.60
4.49 -0.99 0.16 1.60
4.50 -0.99 0.16 1.60
4.51 -0.99 0.15 1.60
4.52 -0.99 0.15 1.60
4.53 -0.99 0.15 1.60
4.54 -0.99 0.15 1.60
4.55 -0.99 0.14 1.60
4.56 -0.99 0.14 1.60
4.57 -0.99 0.14 1.60
4.58 -0.99 0.13 1.60
4.59 -0.99 0.13 1.60
4.60 -0.99 0.13 1.60
4.61 -0.99 0.12 1.60
4.62 -0.99 0.12 1.60
4.63 -0.99 0.12 1.60
4.64 -0.99 0.11 1.60
4.65 -0.99 0.11 1.60
4.66 -0.99 0.11 1.60
4.67 -0.99 0.10 1.60
4.68 -0.99 0.10 1.60
4.69 -1.00 0.10 1.60
4.70 -1.00 0.09 1.60
4.71 -1.00 0.09 1.60
4.72 -1.00 0.09 1.60
4.73 -1.00 0.08 1.60
4.74 -1.00 0.08 1.60
4.75 -1.00 0.08 1.60
4.76 -1.00 0.08 1.60
4.77 -1.00 0.07 1.60
4.78 -1.00 0.07 1.60
4.79 -1.00 0.07 1.60
4.80 -1.00 0.06 1.60
4.81 -1.00 0.06 1.60
4.82 -1.00 0.06 1.60
4.83 -1.00 0.05 1.60
4.84 -1.00 0.05 1.60
4.85 -1.00 0.05 1.60
4.86 -1.00 0.04 1.60
4.87 -1.00 0.04 1.60
4.88 -1.00 0.04 1.60
4.89 -1.00 0.03 1.60
4.90 -1.00 0.03 1.60
4.91 -1.00 0.03 1.60
4.92 -1.00 0.02 1.60
4.93 -1.00 0.02 1.60
4.94 -1.00 0.02 1.60
4.95 -1.00 0.02 1.60
4.96 -1.00 0.01 1.60
4.97 -1.00 0.01 1.60
4.98 -1.00 0.01 1.60
4.99 -1.00 0.00 1.60
5.01 -1.00 -0.00 1.60
5.02 -1.00 -0.00 1.60
5.03 -1.00 -0.01 1.60
5.04 -1.00 -0.01 1.60
5.05 -1.00 -0.01 1.60
5.06 -1.00 -0.02 1.60
5.07 -1.00 -0.02 1.60
5.08 -1.00 -0.02 1.60
5.09 -1.00 -0.03 1.60
5.10 -1.00 -0.03 1.60
5.11 -1.00 -0.03 1.60
5.12 -1.00 -0.04 1.60
5.13 -1.00 -0.04 1.60
5.14 -1.00 -0.04 1.60
5.15 -1.00 -0.05 1.60
5.16 -1.00 -0.05 1.60
5.17 -1.00 -0.05 1.60
5.18 -1.00 -0.05 1.60
5.19 -1.00 -0.06 1.60
5.20 -1.00 -0.06 1.60
5.21 -1.00 -0.06 1.60
5.22 -1.00 -0.07 1.60
5.23 -1.00 -0.07 1.60
5.24 -1.00 -0.07 1.60
5.25 -1.00 -0.08 1.60
5.26 -1.00 -0.08 1.60
5.27 -1.00 -0.08 1.60
5.28 -1.00 -0.09 1.60
5.29 -1.00 -0.09 1.60
5.30 -1.00 -0.09 1.60
5.31 -1.00 -0.10 1.60
5.32 -1.00 -0.10 1.60
5.33 -0.99 -0.10 1.60
5.34 -0.99 -0.11 1.60
5.35 -0.99 -0.11 1.60
5.36 -0.99 -0.11 1.60
5.37 -0.99 -0.12 1.60
5.38 -0.99 -0.12 1.60
5.39 -0.99 -0.12 1.60
5.40 -0.99 -0.12 1.60
5.41 -0.99 -0.13 1.60
5.42 -0.99 -0.13 1.60
5.43 -0.99 -0.13 1.60
5.44 -0.99 -0.14 1.60
5.45 -0.99 -0.14 1.60
5.46 -0.99 -0.14 1.60
5.47 -0.99 -0.15 1.60
5.48 -0.99 -0.15 1.60
5.49 -0.99 -0.15 1.60
5.50 -0.99 -0.16 1.60
5.51 -0.99 -0.16 1.60
5.52 -0.99 -0.16 1.60
5.53 -0.99 -0.17 1.60
5.54 -0.99 -0.17 1.60
5.55 -0.99 -0.17 1.60
5.56 -0.98 -0.17 1.60
5.57 -0.98 -0.18 1.60
5.58 -0.98 -0.18 1.60
5.59 -0.98 -0.18 1.60
5.60 -0.98 -0.19 1.60
5.61 -0.98 -0.19 1.60
5.62 -0.98 -0.19 1.60
5.63 -0.98 -0.20 1.60
5.64 -0.98 -0.20 1.60
5.65 -0.98 -0.20 1.60
5.66 -0.98 -0.21 1.60
5.67 -0.98 -0.21 1.60
5.68 -0.98 -0.21 1.60
5.69 -0.98 -0.22 1.60
5.70 -0.98 -0.22 1.60
5.71 -0.98 -0.22 1.60
5.72 -0.97 -0.22 1.60
5.73 -0.97 -0.23 1.60
5.74 -0.97 -0.23 1.60
5.75 -0.97 -0.23 1.60
5.76 -0.97 -0.24 1.60
5.78 -0.97 -0.24 1.60
5.79 -0.97 -0.24 1.60
5.80 -0.97 -0.25 1.60
5.81 -0.97 -0.25 1.60
5.82 -0.97 -0.25 1.60
5.83 -0.97 -0.26 1.60
5.84 -0.97 -0.26 1.60
5.85 -0.97 -0.26 1.60
5.86 -0.96 -0.26 1.60
5.87 -0.96 -0.27 1.60
5.88 -0.96 -0.27 1.60
5.89 -0.96 -0.27 1.60
5.90 -0.96 -0.28 1.60
5.91 -0.96 -0.28 1.60
5.92 -0.96 -0.28 1.60
5.93 -0.96 -0.29 1.60
5.94 -0.96 -0.29 1.60
5.95 -0.96 -0.29 1.60
5.96 -0.96 -0.30 1.60
5.97 -0.95 -0.30 1.60
5.98 -0.95 -0.30 1.60
5.99 -0.95 -0.30 1.60
6.00 -0.95 -0.31 1.60
6.01 -0.95 -0.31 1.60
6.02 -0.95 -0.31 1.60
6.03 -0.95 -0.32 1.60
6.04 -0.95 -0.32 1.60
6.05 -0.95 -0.32 1.60
6.06 -0.95 -0.33 1.60
6.07 -0.94 -0.33 1.60
6.08 -0.94 -0.33 1.60
6.09 -0.94 -0.33 1.60
6.10 -0.94 -0.34 1.60
6.11 -0.94 -0.34 1.60
6.12 -0.94 -0.34 1.60
6.13 -0.94 -0.35 1.60
6.14 -0.94 -0.35 1.60
6.15 -0.94 -0.35 1.60
6.16 -0.93 -0.36 1.60
6.17 -0.93 -0.36 1.60
6.18 -0.93 -0.36 1.60
6.19 -0.93 -0.36 1.60
6.20 -0.93 -0.37 1.60
6.21 -0.93 -0.37 1.60
6.22 -0.93 -0.37 1.60
6.23 -0.93 -0.38 1.60
6.24 -0.93 -0.38 1.60
6.25 -0.92 -0.38 1.60
6.26 -0.92 -0.39 1.60
6.27 -0.92 -0.39 1.60
6.28 -0.92 -0.39 1.60
6.29 -0.92 -0.39 1.60
6.30 -0.92 -0.40 1.60
6.31 -0.92 -0.40 1.60
6.32 -0.92 -0.40 1.60
6.33 -0.91 -0.41 1.60
6.34 -0.91 -0.41 1.60
6.35 -0.91 -0.41 1.60
6.36 -0.91 -0.41 1.60
6.37 -0.91 -0.42 1.60
6.38 -0.91 -0.42 1.60
6.39 -0.91 -0.42 1.60
6.40 -0.90 -0.43 1.60
6.41 -0.90 -0.43 1.60
6.42 -0.90 -0.43 1.60
6.43 -0.90 -0.43 1.60
6.44 -0.90 -0.44 1.60
6.45 -0.90 -0.44 1.60
6.46 -0.90 -0.44 1.60
6.47 -0.90 -0.45 1.60
6.48 -0.89 -0.45 1.60
6.49 -0.89 -0.45 1.60
6.50 -0.89 -0.45 1.60
6.51 -0.89 -0.46 1.60
6.52 -0.89 -0.46 1.60
6.53 -0.89 -0.46 1.60
6.55 -0.88 -0.47 1.60
6.56 -0.88 -0.47 1.60
6.57 -0.88 -0.47 1.60
6.58 -0.88 -0.47 1.60
6.59 -0.88 -0.48 1.60
6.60 -0.88 -0.48 1.60
6.61 -0.88 -0.48 1.60
6.62 -0.87 -0.49 1.60
6.63 -0.87 -0.49 1.60
6.64 -0.87 -0.49 1.60
6.65 -0.87 -0.49 1.60
6.66 -0.87 -0.50 1.60
6.67 -0.87 -0.50 1.60
6.68 -0.86 -0.50 1.60
6.69 -0.86 -0.50 1.60
6.70 -0.86 -0.51 1.60
6.71 -0.86 -0.51 1.60
6.72 -0.86 -0.51 1.60
6.73 -0.86 -0.52 1.60
6.74 -0.86 -0.52 1.60
6.75 -0.85 -0.52 1.60
6.76 -0.85 -0.52 1.60
6.77 -0.85 -0.53 1.60
6.78 -0.85 -0.53 1.60
6.79 -0.85 -0.53 1.60
6.80 -0.85 -0.53 1.60
6.81 -0.84 -0.54 1.60
6.82 -0.84 -0.54 1.60
6.83 -0.84 -0.54 1.60
6.84 -0.84 -0.55 1.60
6.85 -0.84 -0.55 1.60
6.86 -0.83 -0.55 1.60
6.87 -0.83 -0.55 1.60
6.88 -0.83 -0.56 1.60
6.89 -0.83 -0.56 1.60
6.90 -0.83 -0.56 1.60
6.91 -0.83 -0.56 1.60
6.92 -0.82 -0.57 1.60
6.93 -0.82 -0.57 1.60
6.94 -0.82 -0.57 1.60
6.95 -0.82 -0.57 1.60
6.96 -0.82 -0.58 1.60
6.97 -0.82 -0.58 1.60
6.98 -0.81 -0.58 1.60
6.99 -0.81 -0.58 1.60
7.00 -0.81 -0.59 1.60
7.01 -0.81 -0.59 1.60
7.02 -0.81 -0.59 1.60
7.03 -0.80 -0.59 1.60
7.04 -0.80 -0.60 1.60
7.05 -0.80 -0.60 1.60
7.06 -0.80 -0.60 1.60
7.07 -0.80 -0.61 1.60
7.08 -0.79 -0.61 1.60
7.09 -0.79 -0.61 1.60
7.10 -0.79 -0.61 1.60
7.11 -0.79 -0.62 1.60
7.12 -0.79 -0.62 1.60
7.13 -0.78 -0.62 1.60
7.14 -0.78 -0.62 1.60
7.15 -0.78 -0.63 1.60
7.16 -0.78 -0.63 1.60
7.17 -0.78 -0.63 1.60
7.18 -0.77 -0.63 1.60
7.19 -0.77 -0.63 1.60
7.20 -0.77 -0.64 1.60
7.21 -0.77 -0.64 1.60
7.22 -0.77 -0.64 1.60
7.23 -0.76 -0.64 1.60
7.24 -0.76 -0.65 1.60
7.25 -0.76 -0.65 1.60
7.26 -0.76 -0.65 1.60
7.27 -0.76 -0.65 1.60
7.28 -0.75 -0.66 1.60
7.29 -0.75 -0.66 1.60
7.30 -0.75 -0.66 1.60
7.32 -0.75 -0.66 1.60
7.33 -0.75 -0.67 1.60
7.34 -0.74 -0.67 1.60
7.35 -0.74 -0.67 1.60
7.36 -0.74 -0.67 1.60
7.37 -0.74 -0.68 1.60
7.38 -0.73 -0.68 1.60
7.39 -0.73 -0.68 1.60
7.40 -0.73 -0.68 1.60
7.41 -0.73 -0.69 1.60
7.42 -0.73 -0.69 1.60
7.43 -0.72 -0.69 1.60
7.44 -0.72 -0.69 1.60
7.45 -0.72 -0.69 1.60
7.46 -0.72 -0.70 1.60
7.47 -0.72 -0.70 1.60
7.48 -0.71 -0.70 1.60
7.49 -0.71 -0.70 1.60
7.50 -0.71 -0.71 1.60
7.51 -0.71 -0.71 1.60
7.52 -0.70 -0.71 1.60
7.53 -0.70 -0.71 1.60
7.54 -0.70 -0.71 1.60
7.55 -0.70 -0.72 1.60
7.56 -0.69 -0.72 1.60
7.57 -0.69 -0.72 1.60
7.58 -0.69 -0.72 1.60
7.59 -0.69 -0.73 1.60
7.60 -0.69 -0.73 1.60
7.61 -0.68 -0.73 1.60
7.62 -0.68 -0.73 1.60
7.63 -0.68 -0.73 1.60
7.64 -0.68 -0.74 1.60
7.65 -0.67 -0.74 1.60
7.66 -0.67 -0.74 1.60
7.67 -0.67 -0.74 1.60
7.68 -0.67 -0.75 1.60
7.69 -0.66 -0.75 1.60
7.70 -0.66 -0.75 1.60
7.71 -0.66 -0.75 1.60
7.72 -0.66 -0.75 1.60
7.73 -0.66 -0.76 1.60
7.74 -0.65 -0.76 1.60
7.75 -0.65 -0.76 1.60
7.76 -0.65 -0.76 1.60
7.77 -0.65 -0.76 1.60
7.78 -0.64 -0.77 1.60
7.79 -0.64 -0.77 1.60
7.80 -0.64 -0.77 1.60
7.81 -0.64 -0.77 1.60
7.82 -0.63 -0.77 1.60
7.83 -0.63 -0.78 1.60
7.84 -0.63 -0.78 1.60
7.85 -0.63 -0.78 1.60
7.86 -0.62 -0.78 1.60
7.87 -0.62 -0.78 1.60
7.88 -0.62 -0.79 1.60
7.89 -0.62 -0.79 1.60
7.90 -0.61 -0.79 1.60
7.91 -0.61 -0.79 1.60
7.92 -0.61 -0.79 1.60
7.93 -0.61 -0.80 1.60
7.94 -0.60 -0.80 1.60
7.95 -0.60 -0.80 1.60
7.96 -0.60 -0.80 1.60
7.97 -0.60 -0.80 1.60
7.98 -0.59 -0.81 1.60
7.99 -0.59 -0.81 1.60
8.00 -0.59 -0.81 1.60
8.01 -0.59 -0.81 1.60
8.02 -0.58 -0.81 1.60
8.03 -0.58 -0.81 1.60
8.04 -0.58 -0.82 1.60
8.05 -0.57 -0.82 1.60
8.06 -0.57 -0.82 1.60
8.07 -0.57 -0.82 1.60
8.09 -0.57 -0.82 1.60
8.10 -0.56 -0.83 1.60
8.11 -0.56 -0.83 1.60
8.12 -0.56 -0.83 1.60
8.13 -0.56 -0.83 1.60
8.14 -0.55 -0.83 1.60
8.15 -0.55 -0.83 1.60
8.16 -0.55 -0.84 1.60
8.17 -0.55 -0.84 1.60
8.18 -0.54 -0.84 1.60
8.19 -0.54 -0.84 1.60
8.20 -0.54 -0.84 1.60
8.21 -0.54 -0.84 1.60
8.22 -0.53 -0.85 1.60
8.23 -0.53 -0.85 1.60
8.24 -0.53 -0.85 1.60
8.25 -0.52 -0.85 1.60
8.26 -0.52 -0.85 1.60
8.27 -0.52 -0.85 1.60
8.28 -0.52 -0.86 1.60
8.29 -0.51 -0.86 1.60
8.30 -0.51 -0.86 1.60
8.31 -0.51 -0.86 1.60
8.32 -0.51 -0.86 1.60
8.33 -0.50 -0.86 1.60
8.34 -0.50 -0.87 1.60
8.35 -0.50 -0.87 1.60
8.36 -0.49 -0.87 1.60
8.37 -0.49 -0.87 1.60
8.38 -0.49 -0.87 1.60
8.39 -0.49 -0.87 1.60
8.40 -0.48 -0.88 1.60
8.41 -0.48 -0.88 1.60
8.42 -0.48 -0.88 1.60
8.43 -0.47 -0.88 1.60
8.44 -0.47 -0.88 1.60
8.45 -0.47 -0.88 1.60
8.46 -0.47 -0.88 1.60
8.47 -0.46 -0.89 1.60
8.48 -0.46 -0.89 1.60
8.49 -0.46 -0.89 1.60
8.50 -0.46 -0.89 1.60
8.51 -0.45 -0.89 1.60
8.52 -0.45 -0.89 1.60
8.53 -0.45 -0.89 1.60
8.54 -0.44 -0.90 1.60
8.55 -0.44 -0.90 1.60
8.56 -0.44 -0.90 1.60
8.57 -0.44 -0.90 1.60
8.58 -0.43 -0.90 1.60
8.59 -0.43 -0.90 1.60
8.60 -0.43 -0.90 1.60
8.61 -0.42 -0.91 1.60
8.62 -0.42 -0.91 1.60
8.63 -0.42 -0.91 1.60
8.64 -0.41 -0.91 1.60
8.65 -0.41 -0.91 1.60
8.66 -0.41 -0.91 1.60
8.67 -0.41 -0.91 1.60
8.68 -0.40 -0.92 1.60
8.69 -0.40 -0.92 1.60
8.70 -0.40 -0.92 1.60
8.71 -0.39 -0.92 1.60
8.72 -0.39 -0.92 1.60
8.73 -0.39 -0.92 1.60
8.74 -0.39 -0.92 1.60
8.75 -0.38 -0.92 1.60
8.76 -0.38 -0.93 1.60
8.77 -0.38 -0.93 1.60
8.78 -0.37 -0.93 1.60
8.79 -0.37 -0.93 1.60
8.80 -0.37 -0.93 1.60
8.81 -0.37 -0.93 1.60
8.82 -0.36 -0.93 1.60
8.83 -0.36 -0.93 1.60
8.84 -0.36 -0.93 1.60
8.86 -0.35 -0.94 1.60
8.87 -0.35 -0.94 1.60
8.88 -0.35 -0.94 1.60
8.89 -0.34 -0.94 1.60
8.90 -0.34 -0.94 1.60
8.91 -0.34 -0.94 1.60
8.92 -0.34 -0.94 1.60
8.93 -0.33 -0.94 1.60
8.94 -0.33 -0.94 1.60
8.95 -0.33 -0.95 1.60
8.96 -0.32 -0.95 1.60
8.97 -0.32 -0.95 1.60
8.98 -0.32 -0.95 1.60
8.99 -0.31 -0.95 1.60
9.00 -0.31 -0.95 1.60
9.01 -0.31 -0.95 1.60
9.02 -0.31 -0.95 1.60
9.03 -0.30 -0.95 1.60
9.04 -0.30 -0.95 1.60
9.05 -0.30 -0.96 1.60
9.06 -0.29 -0.96 1.60
9.07 -0.29 -0.96 1.60
9.08 -0.29 -0.96 1.60
9.09 -0.28 -0.96 1.60
9.10 -0.28 -0.96 1.60
9.11 -0.28 -0.96 1.60
9.12 -0.27 -0.96 1.60
9.13 -0.27 -0.96 1.60
9.14 -0.27 -0.96 1.60
9.15 -0.27 -0.96 1.60
9.16 -0.26 -0.96 1.60
9.17 -0.26 -0.97 1.60
9.18 -0.26 -0.97 1.60
9.19 -0.25 -0.97 1.60
9.20 -0.25 -0.97 1.60
9.21 -0.25 -0.97 1.60
9.22 -0.24 -0.97 1.60
9.23 -0.24 -0.97 1.60
9.24 -0.24 -0.97 1.60
9.25 -0.23 -0.97 1.60
9.26 -0.23 -0.97 1.60
9.27 -0.23 -0.97 1.60
9.28 -0.23 -0.97 1.60
9.29 -0.22 -0.97 1.60
9.30 -0.22 -0.98 1.60
9.31 -0.22 -0.98 1.60
9.32 -0.21 -0.98 1.60
9.33 -0.21 -0.98 1.60
9.34 -0.21 -0.98 1.60
9.35 -0.20 -0.98 1.60
9.36 -0.20 -0.98 1.60
9.37 -0.20 -0.98 1.60
9.38 -0.19 -0.98 1.60
9.39 -0.19 -0.98 1.60
9.40 -0.19 -0.98 1.60
9.41 -0.19 -0.98 1.60
9.42 -0.18 -0.98 1.60
9.43 -0.18 -0.98 1.60
9.44 -0.18 -0.98 1.60
9.45 -0.17 -0.99 1.60
9.46 -0.17 -0.99 1.60
9.47 -0.17 -0.99 1.60
9.48 -0.16 -0.99 1.60
9.49 -0.16 -0.99 1.60
9.50 -0.16 -0.99 1.60
9.51 -0.15 -0.99 1.60
9.52 -0.15 -0.99 1.60
9.53 -0.15 -0.99 1.60
9.54 -0.14 -0.99 1.60
9.55 -0.14 -0.99 1.60
9.56 -0.14 -0.99 1.60
9.57 -0.13 -0.99 1.60
9.58 -0.13 -0.99 1.60
9.59 -0.13 -0.99 1.60
9.60 -0.13 -0.99 1.60
9.61 -0.12 -0.99 1.60
9.63 -0.12 -0.99 1.60
9.64 -0.12 -0.99 1.60
9.65 -0.11 -0.99 1.60
9.66 -0.11 -0.99 1.60
9.67 -0.11 -0.99 1.60
9.68 -0.10 -0.99 1.60
9.69 -0.10 -0.99 1.60
9.70 -0.10 -1.00 1.60
9.71 -0.09 -1.00 1.60
9.72 -0.09 -1.00 1.60
9.73 -0.09 -1.00 1.60
9.74 -0.08 -1.00 1.60
9.75 -0.08 -1.00 1.60
9.76 -0.08 -1.00 1.60
9.77 -0.07 -1.00 1.60
9.78 -0.07 -1.00 1.60
9.79 -0.07 -1.00 1.60
9.80 -0.07 -1.00 1.60
9.81 -0.06 -1.00 1.60
9.82 -0.06 -1.00 1.60
9.83 -0.06 -1.00 1.60
9.84 -0.05 -1.00 1.60
9.85 -0.05 -1.00 1.60
9.86 -0.05 -1.00 1.60
9.87 -0.04 -1.00 1.60
9.88 -0.04 -1.00 1.60
9.89 -0.04 -1.00 1.60
9.90 -0.03 -1.00 1.60
9.91 -0.03 -1.00 1.60
9.92 -0.03 -1.00 1.60
9.93 -0.02 -1.00 1.60
9.94 -0.02 -1.00 1.60
9.95 -0.02 -1.00 1.60
9.96 -0.01 -1.00 1.60
9.97 -0.01 -1.00 1.60
9.98 -0.01 -1.00 1.60
9.99 -0.00 -1.00 1.60
10.00 -0.00 -1.00 1.60
10.01 0.00 -1.00 1.60
10.02 0.00 -1.00 1.60
10.03 0.01 -1.00 1.60
10.04 0.01 -1.00 1.60
10.05 0.01 -1.00 1.60
10.06 0.02 -1.00 1.60
10.07 0.02 -1.00 1.60
10.08 0.02 -1.00 1.60
10.09 0.03 -1.00 1.60
10.10 0.03 -1.00 1.60
10.11 0.03 -1.00 1.60
10.12 0.04 -1.00 1.60
10.13 0.04 -1.00 1.60
10.14 0.04 -1.00 1.60
10.15 0.05 -1.00 1.60
10.16 0.05 -1.00 1.60
10.17 0.05 -1.00 1.60
10.18 0.06 -1.00 1.60
10.19 0.06 -1.00 1.60
10.20 0.06 -1.00 1.60
10.21 0.07 -1.00 1.60
10.22 0.07 -1.00 1.60
10.23 0.07 -1.00 1.60
10.24 0.07 -1.00 1.60
10.25 0.08 -1.00 1.60
10.26 0.08 -1.00 1.60
10.27 0.08 -1.00 1.60
10.28 0.09 -1.00 1.60
10.29 0.09 -1.00 1.60
10.30 0.09 -1.00 1.60
10.31 0.10 -1.00 1.60
10.32 0.10 -0.99 1.60
10.33 0.10 -0.99 1.60
10.34 0.11 -0.99 1.60
10.35 0.11 -0.99 1.60
10.36 0.11 -0.99 1.60
10.37 0.12 -0.99 1.60
10.39 0.12 -0.99 1.60
10.40 0.12 -0.99 1.60
10.41 0.13 -0.99 1.60
10.42 0.13 -0.99 1.60
10.43 0.13 -0.99 1.60
10.44 0.13 -0.99 1.60
10.45 0.14 -0.99 1.60
10.46 0.14 -0.99 1.60
10.47 0.14 -0.99 1.60
10.48 0.15 -0.99 1.60
10.49 0.15 -0.99 1.60
10.50 0.15 -0.99 1.60
10.51 0.16 -0.99 1.60
10.52 0.16 -0.99 1.60
10.53 0.16 -0.99 1.60
10.54 0.17 -0.99 1.60
10.55 0.17 -0.99 1.60
10.56 0.17 -0.99 1.60
10.57 0.18 -0.98 1.60
10.58 0.18 -0.98 1.60
10.59 0.18 -0.98 1.60
10.60 0.19 -0.98 1.60
10.61 0.19 -0.98 1.60
10.62 0.19 -0.98 1.60
10.63 0.19 -0.98 1.60
10.64 0.20 -0.98 1.60
10.65 0.20 -0.98 1.60
10.66 0.20 -0.98 1.60
10.67 0.21 -0.98 1.60
10.68 0.21 -0.98 1.60
10.69 0.21 -0.98 1.60
10.70 0.22 -0.98 1.60
10.71 0.22 -0.98 1.60
10.72 0.22 -0.97 1.60
10.73 0.23 -0.97 1.60
10.74 0.23 -0.97 1.60
10.75 0.23 -0.97 1.60
10.76 0.23 -0.97 1.60
10.77 0.24 -0.97 1.60
10.78 0.24 -0.97 1.60
10.79 0.24 -0.97 1.60
10.80 0.25 -0.97 1.60
10.81 0.25 -0.97 1.60
10.82 0.25 -0.97 1.60
10.83 0.26 -0.97 1.60
10.84 0.26 -0.97 1.60
10.85 0.26 -0.96 1.60
10.86 0.27 -0.96 1.60
10.87 0.27 -0.96 1.60
10.88 0.27 -0.96 1.60
10.89 0.27 -0.96 1.60
10.90 0.28 -0.96 1.60
10.91 0.28 -0.96 1.60
10.92 0.28 -0.96 1.60
10.93 0.29 -0.96 1.60
10.94 0.29 -0.96 1.60
10.95 0.29 -0.96 1.60
10.96 0.30 -0.96 1.60
10.97 0.30 -0.95 1.60
10.98 0.30 -0.95 1.60
10.99 0.31 -0.95 1.60
11.00 0.31 -0.95 1.60
11.01 0.31 -0.95 1.60
11.02 0.31 -0.95 1.60
11.03 0.32 -0.95 1.60
11.04 0.32 -0.95 1.60
11.05 0.32 -0.95 1.60
11.06 0.33 -0.95 1.60
11.07 0.33 -0.94 1.60
11.08 0.33 -0.94 1.60
11.09 0.34 -0.94 1.60
11.10 0.34 -0.94 1.60
11.11 0.34 -0.94 1.60
11.12 0.34 -0.94 1.60
11.13 0.35 -0.94 1.60
11.14 0.35 -0.94 1.60
11.16 0.35 -0.94 1.60
11.17 0.36 -0.93 1.60
11.18 0.36 -0.93 1.60
11.19 0.36 -0.93 1.60
11.20 0.37 -0.93 1.60
11.21 0.37 -0.93 1.60
11.22 0.37 -0.93 1.60
11.23 0.37 -0.93 1.60
11.24 0.38 -0.93 1.60
11.25 0.38 -0.93 1.60
11.26 0.38 -0.92 1.60
11.27 0.39 -0.92 1.60
11.28 0.39 -0.92 1.60
11.29 0.39 -0.92 1.60
11.30 0.39 -0.92 1.60
11.31 0.40 -0.92 1.60
11.32 0.40 -0.92 1.60
11.33 0.40 -0.92 1.60
11.34 0.41 -0.91 1.60
11.35 0.41 -0.91 1.60
11.36 0.41 -0.91 1.60
11.37 0.41 -0.91 1.60
11.38 0.42 -0.91 1.60
11.39 0.42 -0.91 1.60
11.40 0.42 -0.91 1.60
11.41 0.43 -0.90 1.60
11.42 0.43 -0.90 1.60
11.43 0.43 -0.90 1.60
11.44 0.44 -0.90 1.60
11.45 0.44 -0.90 1.60
11.46 0.44 -0.90 1.60
11.47 0.44 -0.90 1.60
11.48 0.45 -0.89 1.60
11.49 0.45 -0.89 1.60
11.50 0.45 -0.89 1.60
11.51 0.46 -0.89 1.60
11.52 0.46 -0.89 1.60
11.53 0.46 -0.89 1.60
11.54 0.46 -0.89 1.60
11.55 0.47 -0.88 1.60
11.56 0.47 -0.88 1.60
11.57 0.47 -0.88 1.60
11.58 0.47 -0.88 1.60
11.59 0.48 -0.88 1.60
11.60 0.48 -0.88 1.60
11.61 0.48 -0.88 1.60
11.62 0.49 -0.87 1.60
11.63 0.49 -0.87 1.60
11.64 0.49 -0.87 1.60
11.65 0.49 -0.87 1.60
11.66 0.50 -0.87 1.60
11.67 0.50 -0.87 1.60
11.68 0.50 -0.86 1.60
11.69 0.51 -0.86 1.60
11.70 0.51 -0.86 1.60
11.71 0.51 -0.86 1.60
11.72 0.51 -0.86 1.60
11.73 0.52 -0.86 1.60
11.74 0.52 -0.85 1.60
11.75 0.52 -0.85 1.60
11.76 0.52 -0.85 1.60
11.77 0.53 -0.85 1.60
11.78 0.53 -0.85 1.60
11.79 0.53 -0.85 1.60
11.80 0.54 -0.84 1.60
11.81 0.54 -0.84 1.60
11.82 0.54 -0.84 1.60
11.83 0.54 -0.84 1.60
11.84 0.55 -0.84 1.60
11.85 0.55 -0.84 1.60
11.86 0.55 -0.83 1.60
11.87 0.55 -0.83 1.60
11.88 0.56 -0.83 1.60
11.89 0.56 -0.83 1.60
11.90 0.56 -0.83 1.60
11.91 0.56 -0.83 1.60
11.93 0.57 -0.82 1.60
11.94 0.57 -0.82 1.60
11.95 0.57 -0.82 1.60
11.96 0.57 -0.82 1.60
11.97 0.58 -0.82 1.60
11.98 0.58 -0.81 1.60
11.99 0.58 -0.81 1.60
12.00 0.59 -0.81 1.60
12.01 0.59 -0.81 1.60
12.02 0.59 -0.81 1.60
12.03 0.59 -0.81 1.60
12.04 0.60 -0.80 1.60
12.05 0.60 -0.80 1.60
12.06 0.60 -0.80 1.60
12.07 0.60 -0.80 1.60
12.08 0.61 -0.80 1.60
12.09 0.61 -0.79 1.60
12.10 0.61 -0.79 1.60
12.11 0.61 -0.79 1.60
12.12 0.62 -0.79 1.60
12.13 0.62 -0.79 1.60
12.14 0.62 -0.78 1.60
12.15 0.62 -0.78 1.60
12.16 0.63 -0.78 1.60
12.17 0.63 -0.78 1.60
12.18 0.63 -0.78 1.60
12.19 0.63 -0.77 1.60
12.20 0.64 -0.77 1.60
12.21 0.64 -0.77 1.60
12.22 0.64 -0.77 1.60
12.23 0.64 -0.77 1.60
12.24 0.65 -0.76 1.60
12.25 0.65 -0.76 1.60
12.26 0.65 -0.76 1.60
12.27 0.65 -0.76 1.60
12.28 0.66 -0.76 1.60
12.29 0.66 -0.75 1.60
12.30 0.66 -0.75 1.60
12.31 0.66 -0.75 1.60
12.32 0.66 -0.75 1.60
12.33 0.67 -0.75 1.60
12.34 0.67 -0.74 1.60
12.35 0.67 -0.74 1.60
12.36 0.67 -0.74 1.60
12.37 0.68 -0.74 1.60
12.38 0.68 -0.73 1.60
12.39 0.68 -0.73 1.60
12.40 0.68 -0.73 1.60
12.41 0.69 -0.73 1.60
12.42 0.69 -0.73 1.60
12.43 0.69 -0.72 1.60
12.44 0.69 -0.72 1.60
12.45 0.69 -0.72 1.60
12.46 0.70 -0.72 1.60
12.47 0.70 -0.71 1.60
12.48 0.70 -0.71 1.60
12.49 0.70 -0.71 1.60
12.50 0.71 -0.71 1.60
12.51 0.71 -0.71 1.60
12.52 0.71 -0.70 1.60
12.53 0.71 -0.70 1.60
12.54 0.72 -0.70 1.60
12.55 0.72 -0.70 1.60
12.56 0.72 -0.69 1.60
12.57 0.72 -0.69 1.60
12.58 0.72 -0.69 1.60
12.59 0.73 -0.69 1.60
12.60 0.73 -0.69 1.60
12.61 0.73 -0.68 1.60
12.62 0.73 -0.68 1.60
12.63 0.73 -0.68 1.60
12.64 0.74 -0.68 1.60
12.65 0.74 -0.67 1.60
12.66 0.74 -0.67 1.60
12.67 0.74 -0.67 1.60
12.68 0.75 -0.67 1.60
12.70 0.75 -0.66 1.60
12.71 0.75 -0.66 1.60
12.72 0.75 -0.66 1.60
12.73 0.75 -0.66 1.60
12.74 0.76 -0.65 1.60
12.75 0.76 -0.65 1.60
12.76 0.76 -0.65 1.60
12.77 0.76 -0.65 1.60
12.78 0.76 -0.64 1.60
12.79 0.77 -0.64 1.60
12.80 0.77 -0.64 1.60
12.81 0.77 -0.64 1.60
12.82 0.77 -0.63 1.60
12.83 0.77 -0.63 1.60
12.84 0.78 -0.63 1.60
12.85 0.78 -0.63 1.60
12.86 0.78 -0.63 1.60
12.87 0.78 -0.62 1.60
12.88 0.78 -0.62 1.60
12.89 0.79 -0.62 1.60
12.90 0.79 -0.62 1.60
12.91 0.79 -0.61 1.60
12.92 0.79 -0.61 1.60
12.93 0.79 -0.61 1.60
12.94 0.80 -0.61 1.60
12.95 0.80 -0.60 1.60
12.96 0.80 -0.60 1.60
12.97 0.80 -0.60 1.60
12.98 0.80 -0.59 1.60
12.99 0.81 -0.59 1.60
13.00 0.81 -0.59 1.60
13.01 0.81 -0.59 1.60
13.02 0.81 -0.58 1.60
13.03 0.81 -0.58 1.60
13.04 0.82 -0.58 1.60
13.05 0.82 -0.58 1.60
13.06 0.82 -0.57 1.60
13.07 0.82 -0.57 1.60
13.08 0.82 -0.57 1.60
13.09 0.82 -0.57 1.60
13.10 0.83 -0.56 1.60
13.11 0.83 -0.56 1.60
13.12 0.83 -0.56 1.60
13.13 0.83 -0.56 1.60
13.14 0.83 -0.55 1.60
13.15 0.83 -0.55 1.60
13.16 0.84 -0.55 1.60
13.17 0.84 -0.55 1.60
13.18 0.84 -0.54 1.60
13.19 0.84 -0.54 1.60
13.20 0.84 -0.54 1.60
13.21 0.85 -0.53 1.60
13.22 0.85 -0.53 1.60
13.23 0.85 -0.53 1.60
13.24 0.85 -0.53 1.60
13.25 0.85 -0.52 1.60
13.26 0.85 -0.52 1.60
13.27 0.86 -0.52 1.60
13.28 0.86 -0.52 1.60
13.29 0.86 -0.51 1.60
13.30 0.86 -0.51 1.60
13.31 0.86 -0.51 1.60
13.32 0.86 -0.50 1.60
13.33 0.86 -0.50 1.60
13.34 0.87 -0.50 1.60
13.35 0.87 -0.50 1.60
13.36 0.87 -0.49 1.60
13.37 0.87 -0.49 1.60
13.38 0.87 -0.49 1.60
13.39 0.87 -0.49 1.60
13.40 0.88 -0.48 1.60
13.41 0.88 -0.48 1.60
13.42 0.88 -0.48 1.60
13.43 0.88 -0.47 1.60
13.44 0.88 -0.47 1.60
13.45 0.88 -0.47 1.60
13.47 0.88 -0.47 1.60
13.48 0.89 -0.46 1.60
13.49 0.89 -0.46 1.60
13.50 0.89 -0.46 1.60
13.51 0.89 -0.45 1.60
13.52 0.89 -0.45 1.60
13.53 0.89 -0.45 1.60
13.54 0.90 -0.45 1.60
13.55 0.90 -0.44 1.60
13.56 0.90 -0.44 1.60
13.57 0.90 -0.44 1.60
13.58 0.90 -0.43 1.60
13.59 0.90 -0.43 1.60
13.60 0.90 -0.43 1.60
13.61 0.90 -0.43 1.60
13.62 0.91 -0.42 1.60
13.63 0.91 -0.42 1.60
13.64 0.91 -0.42 1.60
13.65 0.91 -0.41 1.60
13.66 0.91 -0.41 1.60
13.67 0.91 -0.41 1.60
13.68 0.91 -0.41 1.60
13.69 0.92 -0.40 1.60
13.70 0.92 -0.40 1.60
13.71 0.92 -0.40 1.60
13.72 0.92 -0.39 1.60
13.73 0.92 -0.39 1.60
13.74 0.92 -0.39 1.60
13.75 0.92 -0.39 1.60
13.76 0.92 -0.38 1.60
13.77 0.93 -0.38 1.60
13.78 0.93 -0.38 1.60
13.79 0.93 -0.37 1.60
13.80 0.93 -0.37 1.60
13.81 0.93 -0.37 1.60
13.82 0.93 -0.36 1.60
13.83 0.93 -0.36 1.60
13.84 0.93 -0.36 1.60
13.85 0.93 -0.36 1.60
13.86 0.94 -0.35 1.60
13.87 0.94 -0.35 1.60
13.88 0.94 -0.35 1.60
13.89 0.94 -0.34 1.60
13.90 0.94 -0.34 1.60
13.91 0.94 -0.34 1.60
13.92 0.94 -0.33 1.60
13.93 0.94 -0.33 1.60
13.94 0.94 -0.33 1.60
13.95 0.95 -0.33 1.60
13.96 0.95 -0.32 1.60
13.97 0.95 -0.32 1.60
13.98 0.95 -0.32 1.60
13.99 0.95 -0.31 1.60
14.00 0.95 -0.31 1.60
14.01 0.95 -0.31 1.60
14.02 0.95 -0.30 1.60
14.03 0.95 -0.30 1.60
14.04 0.95 -0.30 1.60
14.05 0.96 -0.30 1.60
14.06 0.96 -0.29 1.60
14.07 0.96 -0.29 1.60
14.08 0.96 -0.29 1.60
14.09 0.96 -0.28 1.60
14.10 0.96 -0.28 1.60
14.11 0.96 -0.28 1.60
14.12 0.96 -0.27 1.60
14.13 0.96 -0.27 1.60
14.14 0.96 -0.27 1.60
14.15 0.96 -0.26 1.60
14.16 0.97 -0.26 1.60
14.17 0.97 -0.26 1.60
14.18 0.97 -0.26 1.60
14.19 0.97 -0.25 1.60
14.20 0.97 -0.25 1.60
14.21 0.97 -0.25 1.60
14.22 0.97 -0.24 1.60
14.24 0.97 -0.24 1.60
14.25 0.97 -0.24 1.60
14.26 0.97 -0.23 1.60
14.27 0.97 -0.23 1.60
14.28 0.97 -0.23 1.60
14.29 0.97 -0.22 1.60
14.30 0.98 -0.22 1.60
14.31 0.98 -0.22 1.60
14.32 0.98 -0.22 1.60
14.33 0.98 -0.21 1.60
14.34 0.98 -0.21 1.60
14.35 0.98 -0.21 1.60
14.36 0.98 -0.20 1.60
14.37 0.98 -0.20 1.60
14.38 0.98 -0.20 1.60
14.39 0.98 -0.19 1.60
14.40 0.98 -0.19 1.60
14.41 0.98 -0.19 1.60
14.42 0.98 -0.18 1.60
14.43 0.98 -0.18 1.60
14.44 0.98 -0.18 1.60
14.45 0.98 -0.17 1.60
14.46 0.99 -0.17 1.60
14.47 0.99 -0.17 1.60
14.48 0.99 -0.17 1.60
14.49 0.99 -0.16 1.60
14.50 0.99 -0.16 1.60
14.51 0.99 -0.16 1.60
14.52 0.99 -0.15 1.60
14.53 0.99 -0.15 1.60
14.54 0.99 -0.15 1.60
14.55 0.99 -0.14 1.60
14.56 0.99 -0.14 1.60
14.57 0.99 -0.14 1.60
14.58 0.99 -0.13 1.60
14.59 0.99 -0.13 1.60
14.60 0.99 -0.13 1.60
14.61 0.99 -0.12 1.60
14.62 0.99 -0.12 1.60
14.63 0.99 -0.12 1.60
14.64 0.99 -0.12 1.60
14.65 0.99 -0.11 1.60
14.66 0.99 -0.11 1.60
14.67 0.99 -0.11 1.60
14.68 0.99 -0.10 1.60
14.69 1.00 -0.10 1.60
14.70 1.00 -0.10 1.60
14.71 1.00 -0.09 1.60
14.72 1.00 -0.09 1.60
14.73 1.00 -0.09 1.60
14.74 1.00 -0.08 1.60
14.75 1.00 -0.08 1.60
14.76 1.00 -0.08 1.60
14.77 1.00 -0.07 1.60
14.78 1.00 -0.07 1.60
14.79 1.00 -0.07 1.60
14.80 1.00 -0.06 1.60
14.81 1.00 -0.06 1.60
14.82 1.00 -0.06 1.60
14.83 1.00 -0.05 1.60
14.84 1.00 -0.05 1.60
14.85 1.00 -0.05 1.60
14.86 1.00 -0.05 1.60
14.87 1.00 -0.04 1.60
14.88 1.00 -0.04 1.60
14.89 1.00 -0.04 1.60
14.90 1.00 -0.03 1.60
14.91 1.00 -0.03 1.60
14.92 1.00 -0.03 1.60
14.93 1.00 -0.02 1.60
14.94 1.00 -0.02 1.60
14.95 1.00 -0.02 1.60
14.96 1.00 -0.01 1.60
14.97 1.00 -0.01 1.60
14.98 1.00 -0.01 1.60
14.99 1.00 -0.00 1.60
15.01 1.00 -0.00 1.60
15.02 1.00 0.00 1.60
15.03 1.00 0.01 1.60
15.04 1.00 0.01 1.60
15.05 1.00 0.01 1.60
15.06 1.00 0.02 1.60
15.07 1.00 0.02 1.60
15.08 1.00 0.02 1.60
15.09 1.00 0.02 1.60
15.10 1.00 0.03 1.60
15.11 1.00 0.03 1.60
15.12 1.00 0.03 1.60
15.13 1.00 0.04 1.60
15.14 1.00 0.04 1.60
15.15 1.00 0.04 1.60
15.16 1.00 0.05 1.60
15.17 1.00 0.05 1.60
15.18 1.00 0.05 1.60
15.19 1.00 0.06 1.60
15.20 1.00 0.06 1.60
15.21 1.00 0.06 1.60
15.22 1.00 0.07 1.60
15.23 1.00 0.07 1.60
15.24 1.00 0.07 1.60
15.25 1.00 0.08 1.60
15.26 1.00 0.08 1.60
15.27 1.00 0.08 1.60
15.28 1.00 0.08 1.60
15.29 1.00 0.09 1.60
15.30 1.00 0.09 1.60
15.31 1.00 0.09 1.60
15.32 1.00 0.10 1.60
15.33 0.99 0.10 1.60
15.34 0.99 0.10 1.60
15.35 0.99 0.11 1.60
15.36 0.99 0.11 1.60
15.37 0.99 0.11 1.60
15.38 0.99 0.12 1.60
15.39 0.99 0.12 1.60
15.40 0.99 0.12 1.60
15.41 0.99 0.13 1.60
15.42 0.99 0.13 1.60
15.43 0.99 0.13 1.60
15.44 0.99 0.14 1.60
15.45 0.99 0.14 1.60
15.46 0.99 0.14 1.60
15.47 0.99 0.15 1.60
15.48 0.99 0.15 1.60
15.49 0.99 0.15 1.60
15.50 0.99 0.15 1.60
15.51 0.99 0.16 1.60
15.52 0.99 0.16 1.60
15.53 0.99 0.16 1.60
15.54 0.99 0.17 1.60
15.55 0.99 0.17 1.60
15.56 0.98 0.17 1.60
15.57 0.98 0.18 1.60
15.58 0.98 0.18 1.60
15.59 0.98 0.18 1.60
15.60 0.98 0.19 1.60
15.61 0.98 0.19 1.60
15.62 0.98 0.19 1.60
15.63 0.98 0.20 1.60
15.64 0.98 0.20 1.60
15.65 0.98 0.20 1.60
15.66 0.98 0.20 1.60
15.67 0.98 0.21 1.60
15.68 0.98 0.21 1.60
15.69 0.98 0.21 1.60
15.70 0.98 0.22 1.60
15.71 0.98 0.22 1.60
15.72 0.97 0.22 1.60
15.73 0.97 0.23 1.60
15.74 0.97 0.23 1.60
15.75 0.97 0.23 1.60
15.76 0.97 0.24 1.60
15.78 0.97 0.24 1.60
15.79 0.97 0.24 1.60
15.80 0.97 0.24 1.60
15.81 0.97 0.25 1.60
15.82 0.97 0.25 1.60
15.83 0.97 0.25 1.60
15.84 0.97 0.26 1.60
15.85 0.97 0.26 1.60
15.86 0.96 0.26 1.60
15.87 0.96 0.27 1.60
15.88 0.96 0.27 1.60
15.89 0.96 0.27 1.60
15.90 0.96 0.28 1.60
15.91 0.96 0.28 1.60
15.92 0.96 0.28 1.60
15.93 0.96 0.28 1.60
15.94 0.96 0.29 1.60
15.95 0.96 0.29 1.60
15.96 0.96 0.29 1.60
15.97 0.95 0.30 1.60
15.98 0.95 0.30 1.60
15.99 0.95 0.30 1.60
16.00 0.95 0.31 1.60
16.01 0.95 0.31 1.60
16.02 0.95 0.31 1.60
16.03 0.95 0.32 1.60
16.04 0.95 0.32 1.60
16.05 0.95 0.32 1.60
16.06 0.95 0.32 1.60
16.07 0.94 0.33 1.60
16.08 0.94 0.33 1.60
16.09 0.94 0.33 1.60
16.10 0.94 0.34 1.60
16.11 0.94 0.34 1.60
16.12 0.94 0.34 1.60
16.13 0.94 0.35 1.60
16.14 0.94 0.35 1.60
16.15 0.94 0.35 1.60
16.16 0.94 0.35 1.60
16.17 0.93 0.36 1.60
16.18 0.93 0.36 1.60
16.19 0.93 0.36 1.60
16.20 0.93 0.37 1.60
16.21 0.93 0.37 1.60
16.22 0.93 0.37 1.60
16.23 0.93 0.37 1.60
16.24 0.93 0.38 1.60
16.25 0.92 0.38 1.60
16.26 0.92 0.38 1.60
16.27 0.92 0.39 1.60
16.28 0.92 0.39 1.60
16.29 0.92 0.39 1.60
16.30 0.92 0.40 1.60
16.31 0.92 0.40 1.60
16.32 0.92 0.40 1.60
16.33 0.91 0.40 1.60
16.34 0.91 0.41 1.60
16.35 0.91 0.41 1.60
16.36 0.91 0.41 1.60
16.37 0.91 0.42 1.60
16.38 0.91 0.42 1.60
16.39 0.91 0.42 1.60
16.40 0.91 0.42 1.60
16.41 0.90 0.43 1.60
16.42 0.90 0.43 1.60
16.43 0.90 0.43 1.60
16.44 0.90 0.44 1.60
16.45 0.90 0.44 1.60
16.46 0.90 0.44 1.60
16.47 0.90 0.44 1.60
16.48 0.89 0.45 1.60
16.49 0.89 0.45 1.60
16.50 0.89 0.45 1.60
16.51 0.89 0.46 1.60
16.52 0.89 0.46 1.60
16.53 0.89 0.46 1.60
16.55 0.89 0.46 1.60
16.56 0.88 0.47 1.60
16.57 0.88 0.47 1.60
16.58 0.88 0.47 1.60
16.59 0.88 0.48 1.60
16.60 0.88 0.48 1.60
16.61 0.88 0.48 1.60
16.62 0.88 0.48 1.60
16.63 0.87 0.49 1.60
16.64 0.87 0.49 1.60
16.65 0.87 0.49 1.60
16.66 0.87 0.49 1.60
16.67 0.87 0.50 1.60
16.68 0.87 0.50 1.60
16.69 0.86 0.50 1.60
16.70 0.86 0.51 1.60
16.71 0.86 0.51 1.60
16.72 0.86 0.51 1.60
16.73 0.86 0.51 1.60
16.74 0.86 0.52 1.60
16.75 0.85 0.52 1.60
16.76 0.85 0.52 1.60
16.77 0.85 0.53 1.60
16.78 0.85 0.53 1.60
16.79 0.85 0.53 1.60
16.80 0.85 0.53 1.60
16.81 0.84 0.54 1.60
16.82 0.84 0.54 1.60
16.83 0.84 0.54 1.60
16.84 0.84 0.54 1.60
16.85 0.84 0.55 1.60
16.86 0.84 0.55 1.60
16.87 0.83 0.55 1.60
16.88 0.83 0.55 1.60
16.89 0.83 0.56 1.60
16.90 0.83 0.56 1.60
16.91 0.83 0.56 1.60
16.92 0.83 0.57 1.60
16.93 0.82 0.57 1.60
16.94 0.82 0.57 1.60
16.95 0.82 0.57 1.60
16.96 0.82 0.58 1.60
16.97 0.82 0.58 1.60
16.98 0.81 0.58 1.60
16.99 0.81 0.58 1.60
17.00 0.81 0.59 1.60
17.01 0.81 0.59 1.60
17.02 0.81 0.59 1.60
17.03 0.80 0.59 1.60
17.04 0.80 0.60 1.60
17.05 0.80 0.60 1.60
17.06 0.80 0.60 1.60
17.07 0.80 0.60 1.60
17.08 0.80 0.61 1.60
17.09 0.79 0.61 1.60
17.10 0.79 0.61 1.60
17.11 0.79 0.61 1.60
17.12 0.79 0.62 1.60
17.13 0.79 0.62 1.60
17.14 0.78 0.62 1.60
17.15 0.78 0.62 1.60
17.16 0.78 0.63 1.60
17.17 0.78 0.63 1.60
17.18 0.78 0.63 1.60
17.19 0.77 0.63 1.60
17.20 0.77 0.64 1.60
17.21 0.77 0.64 1.60
17.22 0.77 0.64 1.60
17.23 0.77 0.64 1.60
17.24 0.76 0.65 1.60
17.25 0.76 0.65 1.60
17.26 0.76 0.65 1.60
17.27 0.76 0.65 1.60
17.28 0.76 0.66 1.60
17.29 0.75 0.66 1.60
17.30 0.75 0.66 1.60
17.32 0.75 0.66 1.60
17.33 0.75 0.67 1.60
17.34 0.74 0.67 1.60
17.35 0.74 0.67 1.60
17.36 0.74 0.67 1.60
17.37 0.74 0.67 1.60
17.38 0.74 0.68 1.60
17.39 0.73 0.68 1.60
17.40 0.73 0.68 1.60
17.41 0.73 0.68 1.60
17.42 0.73 0.69 1.60
17.43 0.73 0.69 1.60
17.44 0.72 0.69 1.60
17.45 0.72 0.69 1.60
17.46 0.72 0.70 1.60
17.47 0.72 0.70 1.60
17.48 0.71 0.70 1.60
17.49 0.71 0.70 1.60
17.50 0.71 0.70 1.60
17.51 0.71 0.71 1.60
17.52 0.71 0.71 1.60
17.53 0.70 0.71 1.60
17.54 0.70 0.71 1.60
17.55 0.70 0.72 1.60
17.56 0.70 0.72 1.60
17.57 0.69 0.72 1.60
17.58 0.69 0.72 1.60
17.59 0.69 0.72 1.60
17.60 0.69 0.73 1.60
17.61 0.68 0.73 1.60
17.62 0.68 0.73 1.60
17.63 0.68 0.73 1.60
17.64 0.68 0.74 1.60
17.65 0.68 0.74 1.60
17.66 0.67 0.74 1.60
17.67 0.67 0.74 1.60
17.68 0.67 0.74 1.60
17.69 0.67 0.75 1.60
17.70 0.66 0.75 1.60
17.71 0.66 0.75 1.60
17.72 0.66 0.75 1.60
17.73 0.66 0.75 1.60
17.74 0.65 0.76 1.60
17.75 0.65 0.76 1.60
17.76 0.65 0.76 1.60
17.77 0.65 0.76 1.60
17.78 0.64 0.76 1.60
17.79 0.64 0.77 1.60
17.80 0.64 0.77 1.60
17.81 0.64 0.77 1.60
17.82 0.63 0.77 1.60
17.83 0.63 0.78 1.60
17.84 0.63 0.78 1.60
17.85 0.63 0.78 1.60
17.86 0.62 0.78 1.60
17.87 0.62 0.78 1.60
17.88 0.62 0.79 1.60
17.89 0.62 0.79 1.60
17.90 0.61 0.79 1.60
17.91 0.61 0.79 1.60
17.92 0.61 0.79 1.60
17.93 0.61 0.79 1.60
17.94 0.60 0.80 1.60
17.95 0.60 0.80 1.60
17.96 0.60 0.80 1.60
17.97 0.60 0.80 1.60
17.98 0.59 0.80 1.60
17.99 0.59 0.81 1.60
18.00 0.59 0.81 1.60
18.01 0.59 0.81 1.60
18.02 0.58 0.81 1.60
18.03 0.58 0.81 1.60
18.04 0.58 0.82 1.60
18.05 0.58 0.82 1.60
18.06 0.57 0.82 1.60
18.07 0.57 0.82 1.60
18.09 0.57 0.82 1.60
18.10 0.57 0.82 1.60
18.11 0.56 0.83 1.60
18.12 0.56 0.83 1.60
18.13 0.56 0.83 1.60
18.14 0.56 0.83 1.60
18.15 0.55 0.83 1.60
18.16 0.55 0.84 1.60
18.17 0.55 0.84 1.60
18.18 0.54 0.84 1.60
18.19 0.54 0.84 1.60
18.20 0.54 0.84 1.60
18.21 0.54 0.84 1.60
18.22 0.53 0.85 1.60
18.23 0.53 0.85 1.60
18.24 0.53 0.85 1.60
18.25 0.53 0.85 1.60
18.26 0.52 0.85 1.60
18.27 0.52 0.85 1.60
18.28 0.52 0.86 1.60
18.29 0.51 0.86 1.60
18.30 0.51 0.86 1.60
18.31 0.51 0.86 1.60
18.32 0.51 0.86 1.60
18.33 0.50 0.86 1.60
18.34 0.50 0.87 1.60
18.35 0.50 0.87 1.60
18.36 0.50 0.87 1.60
18.37 0.49 0.87 1.60
18.38 0.49 0.87 1.60
18.39 0.49 0.87 1.60
18.40 0.48 0.87 1.60
18.41 0.48 0.88 1.60
18.42 0.48 0.88 1.60
18.43 0.48 0.88 1.60
18.44 0.47 0.88 1.60
18.45 0.47 0.88 1.60
18.46 0.47 0.88 1.60
18.47 0.46 0.89 1.60
18.48 0.46 0.89 1.60
18.49 0.46 0.89 1.60
18.50 0.46 0.89 1.60
18.51 0.45 0.89 1.60
18.52 0.45 0.89 1.60
18.53 0.45 0.89 1.60
18.54 0.45 0.90 1.60
18.55 0.44 0.90 1.60
18.56 0.44 0.90 1.60
18.57 0.44 0.90 1.60
18.58 0.43 0.90 1.60
18.59 0.43 0.90 1.60
18.60 0.43 0.90 1.60
18.61 0.43 0.91 1.60
18.62 0.42 0.91 1.60
18.63 0.42 0.91 1.60
18.64 0.42 0.91 1.60
18.65 0.41 0.91 1.60
18.66 0.41 0.91 1.60
18.67 0.41 0.91 1.60
18.68 0.40 0.91 1.60
18.69 0.40 0.92 1.60
18.70 0.40 0.92 1.60
18.71 0.40 0.92 1.60
18.72 0.39 0.92 1.60
18.73 0.39 0.92 1.60
18.74 0.39 0.92 1.60
18.75 0.38 0.92 1.60
18.76 0.38 0.92 1.60
18.77 0.38 0.93 1.60
18.78 0.38 0.93 1.60
18.79 0.37 0.93 1.60
18.80 0.37 0.93 1.60
18.81 0.37 0.93 1.60
18.82 0.36 0.93 1.60
18.83 0.36 0.93 1.60
18.84 0.36 0.93 1.60
18.86 0.35 0.93 1.60
18.87 0.35 0.94 1.60
18.88 0.35 0.94 1.60
18.89 0.35 0.94 1.60
18.90 0.34 0.94 1.60
18.91 0.34 0.94 1.60
18.92 0.34 0.94 1.60
18.93 0.33 0.94 1.60
18.94 0.33 0.94 1.60
18.95 0.33 0.94 1.60
18.96 0.32 0.95 1.60
18.97 0.32 0.95 1.60
18.98 0.32 0.95 1.60
18.99 0.32 0.95 1.60
19.00 0.31 0.95 1.60
19.01 0.31 0.95 1.60
19.02 0.31 0.95 1.60
19.03 0.30 0.95 1.60
19.04 0.30 0.95 1.60
19.05 0.30 0.95 1.60
19.06 0.29 0.96 1.60
19.07 0.29 0.96 1.60
19.08 0.29 0.96 1.60
19.09 0.29 0.96 1.60
19.10 0.28 0.96 1.60
19.11 0.28 0.96 1.60
19.12 0.28 0.96 1.60
19.13 0.27 0.96 1.60
19.14 0.27 0.96 1.60
19.15 0.27 0.96 1.60
19.16 0.26 0.96 1.60
19.17 0.26 0.97 1.60
19.18 0.26 0.97 1.60
19.19 0.25 0.97 1.60
19.20 0.25 0.97 1.60
19.21 0.25 0.97 1.60
19.22 0.25 0.97 1.60
19.23 0.24 0.97 1.60
19.24 0.24 0.97 1.60
19.25 0.24 0.97 1.60
19.26 0.23 0.97 1.60
19.27 0.23 0.97 1.60
19.28 0.23 0.97 1.60
19.29 0.22 0.97 1.60
19.30 0.22 0.98 1.60
19.31 0.22 0.98 1.60
19.32 0.21 0.98 1.60
19.33 0.21 0.98 1.60
19.34 0.21 0.98 1.60
19.35 0.21 0.98 1.60
19.36 0.20 0.98 1.60
19.37 0.20 0.98 1.60
19.38 0.20 0.98 1.60
19.39 0.19 0.98 1.60
19.40 0.19 0.98 1.60
19.41 0.19 0.98 1.60
19.42 0.18 0.98 1.60
19.43 0.18 0.98 1.60
19.44 0.18 0.98 1.60
19.45 0.17 0.98 1.60
19.46 0.17 0.99 1.60
19.47 0.17 0.99 1.60
19.48 0.16 0.99 1.60
19.49 0.16 0.99 1.60
19.50 0.16 0.99 1.60
19.51 0.16 0.99 1.60
19.52 0.15 0.99 1.60
19.53 0.15 0.99 1.60
19.54 0.15 0.99 1.60
19.55 0.14 0.99 1.60
19.56 0.14 0.99 1.60
19.57 0.14 0.99 1.60
19.58 0.13 0.99 1.60
19.59 0.13 0.99 1.60
19.60 0.13 0.99 1.60
19.61 0.12 0.99 1.60
19.63 0.12 0.99 1.60
19.64 0.12 0.99 1.60
19.65 0.11 0.99 1.60
19.66 0.11 0.99 1.60
19.67 0.11 0.99 1.60
19.68 0.10 0.99 1.60
19.69 0.10 0.99 1.60
19.70 0.10 1.00 1.60
19.71 0.10 1.00 1.60
19.72 0.09 1.00 1.60
19.73 0.09 1.00 1.60
19.74 0.09 1.00 1.60
19.75 0.08 1.00 1.60
19.76 0.08 1.00 1.60
19.77 0.08 1.00 1.60
19.78 0.07 1.00 1.60
19.79 0.07 1.00 1.60
19.80 0.07 1.00 1.60
19.81 0.06 1.00 1.60
19.82 0.06 1.00 1.60
19.83 0.06 1.00 1.60
19.84 0.05 1.00 1.60
19.85 0.05 1.00 1.60
19.86 0.05 1.00 1.60
19.87 0.04 1.00 1.60
19.88 0.04 1.00 1.60
19.89 0.04 1.00 1.60
19.90 0.03 1.00 1.60
19.91 0.03 1.00 1.60
19.92 0.03 1.00 1.60
19.93 0.03 1.00 1.60
19.94 0.02 1.00 1.60
19.95 0.02 1.00 1.60
19.96 0.02 1.00 1.60
19.97 0.01 1.00 1.60
19.98 0.01 1.00 1.60
19.99 0.01 1.00 1.60
20.00 0.00 1.00 1.60
