0.00 0.00 0.00 0.00
0.05 0.03 0.00 0.00
0.10 0.07 0.00 0.00
0.15 0.13 0.00 0.00
0.20 0.20 0.00 0.00
0.25 0.28 0.00 0.00
0.30 0.36 0.00 0.00
0.35 0.46 0.00 0.00
0.40 0.57 0.00 0.00
0.45 0.68 0.00 0.00
0.50 0.79 0.00 0.00
0.55 0.91 0.00 0.00
0.60 1.04 0.00 0.00
0.65 1.16 0.00 0.00
0.70 1.28 0.00 0.00
0.75 1.41 0.00 0.00
0.80 1.52 0.00 0.00
0.85 1.63 0.00 0.00
0.90 1.74 0.00 0.00
0.95 1.84 0.00 0.00
1.00 1.92 0.00 0.00
1.05 2.00 0.00 0.00
1.10 2.07 0.00 0.00
1.15 2.12 0.00 0.00
1.20 2.17 0.00 0.00
1.25 2.20 0.00 0.00
1.30 2.22 0.00 0.00
1.35 2.22 0.00 0.00
1.40 2.22 0.00 0.00
1.45 2.20 0.00 0.00
1.50 2.17 0.00 0.00
1.55 2.14 0.00 0.00
1.60 2.09 0.00 0.00
1.65 2.04 0.00 0.00
1.70 1.97 0.00 0.00
1.75 1.91 0.00 0.00
1.80 1.84 0.00 0.00
1.85 1.76 0.00 0.00
1.90 1.69 0.00 0.00
1.95 1.62 0.00 0.00
2.00 1.55 0.00 0.00
2.05 1.48 0.00 0.00
2.10 1.42 0.00 0.00
2.15 1.37 0.00 0.00
2.20 1.32 0.00 0.00
2.25 1.28 0.00 0.00
2.30 1.25 0.00 0.00
2.35 1.24 0.00 0.00
2.40 1.23 0.00 0.00
2.45 1.24 0.00 0.00
2.50 1.26 0.00 0.00
2.55 1.29 0.00 0.00
2.60 1.33 0.00 0.00
2.65 1.39 0.00 0.00
2.70 1.45 0.00 0.00
2.75 1.53 0.00 0.00
2.80 1.62 0.00 0.00
2.85 1.72 0.00 0.00
2.90 1.82 0.00 0.00
2.95 1.93 0.00 0.00
3.00 2.05 0.00 0.00
3.05 2.17 0.00 0.00
3.10 2.29 0.00 0.00
3.15 2.42 0.00 0.00
3.20 2.54 0.00 0.00
3.25 2.66 0.00 0.00
3.30 2.78 0.00 0.00
3.35 2.89 0.00 0.00
3.40 3.00 0.00 0.00
3.45 3.09 0.00 0.00
3.50 3.18 0.00 0.00
3.55 3.26 0.00 0.00
3.60 3.33 0.00 0.00
3.65 3.38 0.00 0.00
3.70 3.42 0.00 0.00
3.75 3.46 0.00 0.00
3.80 3.47 0.00 0.00
3.85 3.48 0.00 0.00
3.90 3.48 0.00 0.00
3.95 3.46 0.00 0.00
4.00 3.43 0.00 0.00
4.05 3.39 0.00 0.00
4.10 3.35 0.00 0.00
4.15 3.29 0.00 0.00
4.20 3.23 0.00 0.00
4.25 3.16 0.00 0.00
4.30 3.09 0.00 0.00
4.35 3.02 0.00 0.00
4.40 2.95 0.00 0.00
4.45 2.88 0.00 0.00
4.50 2.80 0.00 0.00
4.55 2.74 0.00 0.00
4.60 2.68 0.00 0.00
4.65 2.62 0.00 0.00
4.70 2.58 0.00 0.00
4.75 2.54 0.00 0.00
4.80 2.51 0.00 0.00
4.85 2.49 0.00 0.00
4.90 2.49 0.00 0.00
4.95 2.49 0.00 0.00
5.00 2.51 0.00 0.00
5.05 2.54 0.00 0.00
5.10 2.59 0.00 0.00
5.15 2.64 0.00 0.00
5.20 2.71 0.00 0.00
5.25 2.79 0.00 0.00
5.30 2.88 0.00 0.00
5.35 2.97 0.00 0.00
5.40 3.08 0.00 0.00
5.45 3.19 0.00 0.00
5.50 3.31 0.00 0.00
5.55 3.43 0.00 0.00
5.60 3.55 0.00 0.00
5.65 3.67 0.00 0.00
5.70 3.80 0.00 0.00
5.75 3.92 0.00 0.00
5.80 4.04 0.00 0.00
5.85 4.15 0.00 0.00
5.90 4.25 0.00 0.00
5.95 4.35 0.00 0.00
6.00 4.44 0.00 0.00
6.05 4.51 0.00 0.00
6.10 4.58 0.00 0.00
6.15 4.64 0.00 0.00
6.20 4.68 0.00 0.00
6.25 4.71 0.00 0.00
6.30 4.73 0.00 0.00
6.35 4.74 0.00 0.00
6.40 4.73 0.00 0.00
6.45 4.72 0.00 0.00
6.50 4.69 0.00 0.00
6.55 4.65 0.00 0.00
6.60 4.60 0.00 0.00
6.65 4.55 0.00 0.00
6.70 4.49 0.00 0.00
6.75 4.42 0.00 0.00
6.80 4.35 0.00 0.00
6.85 4.28 0.00 0.00
6.90 4.20 0.00 0.00
6.95 4.13 0.00 0.00
7.00 4.06 0.00 0.00
7.05 3.99 0.00 0.00
7.10 3.93 0.00 0.00
7.15 3.88 0.00 0.00
7.20 3.83 0.00 0.00
7.25 3.79 0.00 0.00
7.30 3.77 0.00 0.00
7.35 3.75 0.00 0.00
7.40 3.74 0.00 0.00
7.45 3.75 0.00 0.00
7.50 3.77 0.00 0.00
7.55 3.80 0.00 0.00
7.60 3.84 0.00 0.00
7.65 3.90 0.00 0.00
7.70 3.97 0.00 0.00
7.75 4.05 0.00 0.00
7.80 4.13 0.00 0.00
7.85 4.23 0.00 0.00
7.90 4.34 0.00 0.00
7.95 4.45 0.00 0.00
8.00 4.56 0.00 0.00
8.05 4.68 0.00 0.00
8.10 4.81 0.00 0.00
8.15 4.93 0.00 0.00
8.20 5.05 0.00 0.00
8.25 5.18 0.00 0.00
8.30 5.29 0.00 0.00
8.35 5.40 0.00 0.00
8.40 5.51 0.00 0.00
8.45 5.61 0.00 0.00
8.50 5.69 0.00 0.00
8.55 5.77 0.00 0.00
8.60 5.84 0.00 0.00
8.65 5.89 0.00 0.00
8.70 5.94 0.00 0.00
8.75 5.97 0.00 0.00
8.80 5.99 0.00 0.00
8.85 5.99 0.00 0.00
8.90 5.99 0.00 0.00
8.95 5.97 0.00 0.00
9.00 5.94 0.00 0.00
9.05 5.91 0.00 0.00
9.10 5.86 0.00 0.00
9.15 5.81 0.00 0.00
9.20 5.74 0.00 0.00
9.25 5.68 0.00 0.00
9.30 5.61 0.00 0.00
9.35 5.53 0.00 0.00
9.40 5.46 0.00 0.00
9.45 5.39 0.00 0.00
9.50 5.32 0.00 0.00
9.55 5.25 0.00 0.00
9.60 5.19 0.00 0.00
9.65 5.14 0.00 0.00
9.70 5.09 0.00 0.00
9.75 5.05 0.00 0.00
9.80 5.02 0.00 0.00
9.85 5.01 0.00 0.00
9.90 5.00 0.00 0.00
9.95 5.01 0.00 0.00
10.00 5.03 0.00 0.00
10.05 5.06 0.00 0.00
10.10 5.10 0.00 0.00
10.15 5.16 0.00 0.00
10.20 5.22 0.00 0.00
10.25 5.30 0.00 0.00
10.30 5.39 0.00 0.00
10.35 5.49 0.00 0.00
10.40 5.59 0.00 0.00
10.45 5.70 0.00 0.00
10.50 5.82 0.00 0.00
10.55 5.94 0.00 0.00
10.60 6.06 0.00 0.00
10.65 6.19 0.00 0.00
10.70 6.31 0.00 0.00
10.75 6.43 0.00 0.00
10.80 6.55 0.00 0.00
10.85 6.66 0.00 0.00
10.90 6.76 0.00 0.00
10.95 6.86 0.00 0.00
11.00 6.95 0.00 0.00
11.05 7.03 0.00 0.00
11.10 7.10 0.00 0.00
11.15 7.15 0.00 0.00
11.20 7.19 0.00 0.00
11.25 7.23 0.00 0.00
11.30 7.24 0.00 0.00
11.35 7.25 0.00 0.00
11.40 7.25 0.00 0.00
11.45 7.23 0.00 0.00
11.50 7.20 0.00 0.00
11.55 7.16 0.00 0.00
11.60 7.12 0.00 0.00
11.65 7.06 0.00 0.00
11.70 7.00 0.00 0.00
11.75 6.93 0.00 0.00
11.80 6.86 0.00 0.00
11.85 6.79 0.00 0.00
11.90 6.72 0.00 0.00
11.95 6.64 0.00 0.00
12.00 6.57 0.00 0.00
12.05 6.51 0.00 0.00
12.10 6.45 0.00 0.00
12.15 6.39 0.00 0.00
12.20 6.35 0.00 0.00
12.25 6.31 0.00 0.00
12.30 6.28 0.00 0.00
12.35 6.26 0.00 0.00
12.40 6.26 0.00 0.00
12.45 6.26 0.00 0.00
12.50 6.28 0.00 0.00
