0.00 1.00 0.00 1.80
0.05 1.00 0.03 1.80
0.10 1.00 0.06 1.80
0.15 1.00 0.09 1.80
0.20 0.99 0.12 1.80
0.25 0.99 0.16 1.80
0.30 0.98 0.19 1.80
0.35 0.98 0.22 1.80
0.40 0.97 0.25 1.80
0.45 0.96 0.28 1.80
0.50 0.95 0.31 1.80
0.55 0.94 0.34 1.80
0.60 0.93 0.37 1.80
0.65 0.92 0.40 1.80
0.70 0.91 0.42 1.80
0.75 0.89 0.45 1.80
0.80 0.88 0.48 1.80
0.85 0.86 0.51 1.80
0.90 0.85 0.53 1.80
0.95 0.83 0.56 1.80
1.00 0.81 0.59 1.80
1.05 0.79 0.61 1.80
1.10 0.77 0.63 1.80
1.15 0.75 0.66 1.80
1.20 0.73 0.68 1.80
1.25 0.71 0.70 1.80
1.30 0.69 0.73 1.80
1.35 0.66 0.75 1.80
1.40 0.64 0.77 1.80
1.45 0.62 0.79 1.80
1.50 0.59 0.81 1.80
1.55 0.57 0.82 1.80
1.60 0.54 0.84 1.80
1.65 0.51 0.86 1.80
1.70 0.49 0.87 1.80
1.75 0.46 0.89 1.80
1.80 0.43 0.90 1.80
1.85 0.40 0.92 1.80
1.90 0.37 0.93 1.80
1.95 0.34 0.94 1.80
2.00 0.31 0.95 1.80
2.05 0.29 0.96 1.80
2.10 0.26 0.97 1.80
2.15 0.22 0.97 1.80
2.20 0.19 0.98 1.80
2.25 0.16 0.99 1.80
2.30 0.13 0.99 1.80
2.35 0.10 0.99 1.80
2.40 0.07 1.00 1.80
2.45 0.04 1.00 1.80
2.50 0.01 1.00 1.80
2.55 -0.02 1.00 1.80
2.60 -0.05 1.00 1.80
2.65 -0.09 1.00 1.80
2.70 -0.12 0.99 1.80
2.75 -0.15 0.99 1.80
2.80 -0.18 0.98 1.80
2.85 -0.21 0.98 1.80
2.90 -0.24 0.97 1.80
2.95 -0.27 0.96 1.80
3.00 -0.30 0.95 1.80
3.05 -0.33 0.94 1.80
3.10 -0.36 0.93 1.80
3.15 -0.39 0.92 1.80
3.20 -0.42 0.91 1.80
3.25 -0.44 0.90 1.80
3.30 -0.47 0.88 1.80
3.35 -0.50 0.87 1.80
3.40 -0.53 0.85 1.80
3.45 -0.55 0.83 1.80
3.50 -0.58 0.82 1.80
3.55 -0.60 0.80 1.80
3.60 -0.63 0.78 1.80
3.65 -0.65 0.76 1.80
3.70 -0.68 0.74 1.80
3.75 -0.70 0.72 1.80
3.80 -0.72 0.69 1.80
3.85 -0.74 0.67 1.80
3.90 -0.76 0.65 1.80
3.95 -0.78 0.62 1.80
4.00 -0.80 0.60 1.80
4.05 -0.82 0.57 1.80
4.10 -0.84 0.55 1.80
4.15 -0.85 0.52 1.80
4.20 -0.87 0.49 1.80
4.25 -0.88 0.47 1.80
4.30 -0.90 0.44 1.80
4.35 -0.91 0.41 1.80
4.40 -0.92 0.38 1.80
4.45 -0.94 0.35 1.80
4.50 -0.95 0.32 1.80
4.55 -0.96 0.29 1.80
4.60 -0.96 0.26 1.80
4.65 -0.97 0.23 1.80
4.70 -0.98 0.20 1.80
4.75 -0.99 0.17 1.80
4.80 -0.99 0.14 1.80
4.85 -0.99 0.11 1.80
4.90 -1.00 0.08 1.80
4.95 -1.00 0.05 1.80
5.00 -1.00 0.02 1.80
5.05 -1.00 -0.02 1.80
5.10 -1.00 -0.05 1.80
5.15 -1.00 -0.08 1.80
5.20 -0.99 -0.11 1.80
5.25 -0.99 -0.14 1.80
5.30 -0.99 -0.17 1.80
5.35 -0.98 -0.20 1.80
5.40 -0.97 -0.23 1.80
5.45 -0.96 -0.26 1.80
5.50 -0.96 -0.29 1.80
5.55 -0.95 -0.32 1.80
5.60 -0.94 -0.35 1.80
5.65 -0.92 -0.38 1.80
5.70 -0.91 -0.41 1.80
5.75 -0.90 -0.44 1.80
5.80 -0.88 -0.47 1.80
5.85 -0.87 -0.49 1.80
5.90 -0.85 -0.52 1.80
5.95 -0.84 -0.55 1.80
6.00 -0.82 -0.57 1.80
6.05 -0.80 -0.60 1.80
6.10 -0.78 -0.62 1.80
6.15 -0.76 -0.65 1.80
6.20 -0.74 -0.67 1.80
6.25 -0.72 -0.69 1.80
6.30 -0.70 -0.72 1.80
6.35 -0.68 -0.74 1.80
6.40 -0.65 -0.76 1.80
6.45 -0.63 -0.78 1.80
6.50 -0.60 -0.80 1.80
6.55 -0.58 -0.82 1.80
6.60 -0.55 -0.83 1.80
6.65 -0.53 -0.85 1.80
6.70 -0.50 -0.87 1.80
6.75 -0.47 -0.88 1.80
6.80 -0.44 -0.90 1.80
6.85 -0.42 -0.91 1.80
6.90 -0.39 -0.92 1.80
6.95 -0.36 -0.93 1.80
7.00 -0.33 -0.94 1.80
7.05 -0.30 -0.95 1.80
7.10 -0.27 -0.96 1.80
7.15 -0.24 -0.97 1.80
7.20 -0.21 -0.98 1.80
7.25 -0.18 -0.98 1.80
7.30 -0.15 -0.99 1.80
7.35 -0.12 -0.99 1.80
7.40 -0.09 -1.00 1.80
7.45 -0.05 -1.00 1.80
7.50 -0.02 -1.00 1.80
7.55 0.01 -1.00 1.80
7.60 0.04 -1.00 1.80
7.65 0.07 -1.00 1.80
7.70 0.10 -0.99 1.80
7.75 0.13 -0.99 1.80
7.80 0.16 -0.99 1.80
7.85 0.19 -0.98 1.80
7.90 0.22 -0.97 1.80
7.95 0.26 -0.97 1.80
8.00 0.29 -0.96 1.80
8.05 0.31 -0.95 1.80
8.10 0.34 -0.94 1.80
8.15 0.37 -0.93 1.80
8.20 0.40 -0.92 1.80
8.25 0.43 -0.90 1.80
8.30 0.46 -0.89 1.80
8.35 0.49 -0.87 1.80
8.40 0.51 -0.86 1.80
8.45 0.54 -0.84 1.80
8.50 0.57 -0.82 1.80
8.55 0.59 -0.81 1.80
8.60 0.62 -0.79 1.80
8.65 0.64 -0.77 1.80
8.70 0.66 -0.75 1.80
8.75 0.69 -0.73 1.80
8.80 0.71 -0.70 1.80
8.85 0.73 -0.68 1.80
8.90 0.75 -0.66 1.80
8.95 0.77 -0.63 1.80
9.00 0.79 -0.61 1.80
9.05 0.81 -0.59 1.80
9.10 0.83 -0.56 1.80
9.15 0.85 -0.53 1.80
9.20 0.86 -0.51 1.80
9.25 0.88 -0.48 1.80
9.30 0.89 -0.45 1.80
9.35 0.91 -0.42 1.80
9.40 0.92 -0.40 1.80
9.45 0.93 -0.37 1.80
9.50 0.94 -0.34 1.80
9.55 0.95 -0.31 1.80
9.60 0.96 -0.28 1.80
9.65 0.97 -0.25 1.80
9.70 0.98 -0.22 1.80
9.75 0.98 -0.19 1.80
9.80 0.99 -0.16 1.80
9.85 0.99 -0.12 1.80
9.90 1.00 -0.09 1.80
9.95 1.00 -0.06 1.80
10.00 1.00 -0.03 1.80
