0.00 3.00 0.00 1.50
0.20 2.95 0.56 1.50
0.40 2.79 1.10 1.50
0.60 2.53 1.61 1.50
0.80 2.19 2.05 1.50
1.00 1.76 2.43 1.50
1.20 1.28 2.71 1.50
1.40 0.75 2.91 1.50
1.60 0.19 2.99 1.50
1.80 -0.38 2.98 1.50
2.00 -0.93 2.85 1.50
2.20 -1.45 2.63 1.50
2.40 -1.91 2.31 1.50
2.60 -2.31 1.91 1.50
2.80 -2.63 1.45 1.50
3.00 -2.85 0.93 1.50
3.20 -2.98 0.38 1.50
3.40 -2.99 -0.19 1.50
3.60 -2.91 -0.75 1.50
3.80 -2.71 -1.28 1.50
4.00 -2.43 -1.76 1.50
4.20 -2.05 -2.19 1.50
4.40 -1.61 -2.53 1.50
4.60 -1.10 -2.79 1.50
4.80 -0.56 -2.95 1.50
5.00 -0.00 -3.00 1.50
5.20 0.56 -2.95 1.50
5.40 1.10 -2.79 1.50
5.60 1.61 -2.53 1.50
5.80 2.05 -2.19 1.50
6.00 2.43 -1.76 1.50
6.20 2.71 -1.28 1.50
6.40 2.91 -0.75 1.50
6.60 2.99 -0.19 1.50
6.80 2.98 0.38 1.50
7.00 2.85 0.93 1.50
7.20 2.63 1.45 1.50
7.40 2.31 1.91 1.50
7.60 1.91 2.31 1.50
7.80 1.45 2.63 1.50
8.00 0.93 2.85 1.50
8.20 0.38 2.98 1.50
8.40 -0.19 2.99 1.50
8.60 -0.75 2.91 1.50
8.80 -1.28 2.71 1.50
9.00 -1.76 2.43 1.50
9.20 -2.19 2.05 1.50
9.40 -2.53 1.61 1.50
9.60 -2.79 1.10 1.50
9.80 -2.95 0.56 1.50
10.00 -3.00 0.00 1.50
10.20 -2.95 -0.56 1.50
10.40 -2.79 -1.10 1.50
10.60 -2.53 -1.61 1.50
10.80 -2.19 -2.05 1.50
11.00 -1.76 -2.43 1.50
11.20 -1.28 -2.71 1.50
11.40 -0.75 -2.91 1.50
11.60 -0.19 -2.99 1.50
11.80 0.38 -2.98 1.50
12.00 0.93 -2.85 1.50
12.20 1.45 -2.63 1.50
12.40 1.91 -2.31 1.50
12.60 2.31 -1.91 1.50
12.80 2.63 -1.45 1.50
13.00 2.85 -0.93 1.50
13.20 2.98 -0.38 1.50
13.40 2.99 0.19 1.50
13.60 2.91 0.75 1.50
13.80 2.71 1.28 1.50
14.00 2.43 1.76 1.50
14.20 2.05 2.19 1.50
14.40 1.61 2.53 1.50
14.60 1.10 2.79 1.50
14.80 0.56 2.95 1.50
15.00 0.00 3.00 1.50
15.20 -0.56 2.95 1.50
15.40 -1.10 2.79 1.50
15.60 -1.61 2.53 1.50
15.80 -2.05 2.19 1.50
16.00 -2.43 1.76 1.50
16.20 -2.71 1.28 1.50
16.40 -2.91 0.75 1.50
16.60 -2.99 0.19 1.50
16.80 -2.98 -0.38 1.50
17.00 -2.85 -0.93 1.50
17.20 -2.63 -1.45 1.50
17.40 -2.31 -1.91 1.50
17.60 -1.91 -2.31 1.50
17.80 -1.45 -2.63 1.50
18.00 -0.93 -2.85 1.50
18.20 -0.38 -2.98 1.50
18.40 0.19 -2.99 1.50
18.60 0.75 -2.91 1.50
18.80 1.28 -2.71 1.50
19.00 1.76 -2.43 1.50
19.20 2.19 -2.05 1.50
19.40 2.53 -1.61 1.50
19.60 2.79 -1.10 1.50
19.80 2.95 -0.56 1.50
20.00 3.00 -0.00 1.50
0.00 -90.00 0.00 0.00
0.20 -79.20 0.00 0.00
0.40 -68.40 0.00 0.00
0.60 -57.60 0.00 0.00
0.80 -46.80 0.00 0.00
1.00 -36.00 0.00 0.00
1.20 -25.20 0.00 0.00
1.40 -14.40 0.00 0.00
1.60 -3.60 0.00 0.00
1.80 7.20 0.00 0.00
2.00 18.00 0.00 0.00
2.20 28.80 0.00 0.00
2.40 39.60 0.00 0.00
2.60 50.40 0.00 0.00
2.80 61.20 0.00 0.00
3.00 72.00 0.00 0.00
3.20 82.80 0.00 0.00
3.40 93.60 0.00 0.00
3.60 104.40 0.00 0.00
3.80 115.20 0.00 0.00
4.00 126.00 0.00 0.00
4.20 136.80 0.00 0.00
4.40 147.60 0.00 0.00
4.60 158.40 0.00 0.00
4.80 169.20 0.00 0.00
5.00 180.00 0.00 0.00
5.20 190.80 0.00 0.00
5.40 201.60 0.00 0.00
5.60 212.40 0.00 0.00
5.80 223.20 0.00 0.00
6.00 234.00 0.00 0.00
6.20 244.80 0.00 0.00
6.40 255.60 0.00 0.00
6.60 266.40 0.00 0.00
6.80 277.20 0.00 0.00
7.00 288.00 0.00 0.00
7.20 298.80 0.00 0.00
7.40 309.60 0.00 0.00
7.60 320.40 0.00 0.00
7.80 331.20 0.00 0.00
8.00 342.00 0.00 0.00
8.20 352.80 0.00 0.00
8.40 363.60 0.00 0.00
8.60 374.40 0.00 0.00
8.80 385.20 0.00 0.00
9.00 396.00 0.00 0.00
9.20 406.80 0.00 0.00
9.40 417.60 0.00 0.00
9.60 428.40 0.00 0.00
9.80 439.20 0.00 0.00
10.00 450.00 0.00 0.00
10.20 460.80 0.00 0.00
10.40 471.60 0.00 0.00
10.60 482.40 0.00 0.00
10.80 493.20 0.00 0.00
11.00 504.00 0.00 0.00
11.20 514.80 0.00 0.00
11.40 525.60 0.00 0.00
11.60 536.40 0.00 0.00
11.80 547.20 0.00 0.00
12.00 558.00 0.00 0.00
12.20 568.80 0.00 0.00
12.40 579.60 0.00 0.00
12.60 590.40 0.00 0.00
12.80 601.20 0.00 0.00
13.00 612.00 0.00 0.00
13.20 622.80 0.00 0.00
13.40 633.60 0.00 0.00
13.60 644.40 0.00 0.00
13.80 655.20 0.00 0.00
14.00 666.00 0.00 0.00
14.20 676.80 0.00 0.00
14.40 687.60 0.00 0.00
14.60 698.40 0.00 0.00
14.80 709.20 0.00 0.00
15.00 720.00 0.00 0.00
15.20 730.80 0.00 0.00
15.40 741.60 0.00 0.00
15.60 752.40 0.00 0.00
15.80 763.20 0.00 0.00
16.00 774.00 0.00 0.00
16.20 784.80 0.00 0.00
16.40 795.60 0.00 0.00
16.60 806.40 0.00 0.00
16.80 817.20 0.00 0.00
17.00 828.00 0.00 0.00
17.20 838.80 0.00 0.00
17.40 849.60 0.00 0.00
17.60 860.40 0.00 0.00
17.80 871.20 0.00 0.00
18.00 882.00 0.00 0.00
18.20 892.80 0.00 0.00
18.40 903.60 0.00 0.00
18.60 914.40 0.00 0.00
18.80 925.20 0.00 0.00
19.00 936.00 0.00 0.00
19.20 946.80 0.00 0.00
19.40 957.60 0.00 0.00
19.60 968.40 0.00 0.00
19.80 979.20 0.00 0.00
20.00 990.00 0.00 0.00
