0.00 0.87 -0.50 1.80
0.03 0.99 -0.15 1.80
0.07 0.98 0.21 1.80
0.10 0.83 0.55 1.80
0.13 0.97 0.26 1.80
0.17 1.00 -0.07 1.80
0.20 0.92 -0.39 1.80
0.23 1.00 -0.03 1.80
0.27 0.94 0.34 1.80
0.30 0.76 0.65 1.80
0.33 0.93 0.37 1.80
0.37 1.00 0.06 1.80
0.40 0.96 -0.27 1.80
0.43 1.00 0.10 1.80
0.47 0.89 0.45 1.80
0.50 0.67 0.74 1.80
0.53 0.87 0.49 1.80
0.57 0.98 0.18 1.80
0.60 0.99 -0.15 1.80
0.63 0.98 0.22 1.80
0.67 0.83 0.56 1.80
0.70 0.57 0.82 1.80
0.73 0.80 0.59 1.80
0.77 0.95 0.30 1.80
0.80 1.00 -0.02 1.80
0.83 0.94 0.34 1.80
0.87 0.75 0.66 1.80
0.90 0.46 0.89 1.80
0.93 0.72 0.69 1.80
0.97 0.91 0.42 1.80
1.00 0.99 0.10 1.80
1.03 0.89 0.46 1.80
1.07 0.66 0.75 1.80
1.10 0.35 0.94 1.80
1.13 0.63 0.77 1.80
1.17 0.85 0.53 1.80
1.20 0.97 0.23 1.80
1.23 0.83 0.56 1.80
1.27 0.56 0.83 1.80
1.30 0.23 0.97 1.80
1.33 0.53 0.85 1.80
1.37 0.77 0.63 1.80
1.40 0.94 0.35 1.80
1.43 0.75 0.66 1.80
1.47 0.46 0.89 1.80
1.50 0.10 0.99 1.80
1.53 0.42 0.91 1.80
1.57 0.69 0.72 1.80
1.60 0.89 0.46 1.80
1.63 0.66 0.75 1.80
1.67 0.34 0.94 1.80
1.70 -0.02 1.00 1.80
1.73 0.30 0.95 1.80
1.77 0.59 0.80 1.80
1.80 0.82 0.57 1.80
1.83 0.56 0.83 1.80
1.87 0.22 0.98 1.80
1.90 -0.15 0.99 1.80
1.93 0.18 0.98 1.80
1.97 0.49 0.87 1.80
2.00 0.74 0.67 1.80
2.03 0.45 0.89 1.80
2.07 0.10 1.00 1.80
2.10 -0.27 0.96 1.80
2.13 0.06 1.00 1.80
2.17 0.37 0.93 1.80
2.20 0.65 0.76 1.80
2.23 0.34 0.94 1.80
2.27 -0.03 1.00 1.80
2.30 -0.39 0.92 1.80
2.33 -0.07 1.00 1.80
2.37 0.26 0.97 1.80
2.40 0.55 0.83 1.80
2.43 0.21 0.98 1.80
2.47 -0.15 0.99 1.80
2.50 -0.50 0.87 1.80
2.53 -0.19 0.98 1.80
2.57 0.13 0.99 1.80
2.60 0.44 0.90 1.80
2.63 0.09 1.00 1.80
2.67 -0.28 0.96 1.80
2.70 -0.60 0.80 1.80
2.73 -0.32 0.95 1.80
2.77 0.01 1.00 1.80
2.80 0.33 0.94 1.80
2.83 -0.03 1.00 1.80
2.87 -0.39 0.92 1.80
2.90 -0.70 0.71 1.80
2.93 -0.43 0.90 1.80
2.97 -0.12 0.99 1.80
3.00 0.21 0.98 1.80
3.03 -0.16 0.99 1.80
3.07 -0.51 0.86 1.80
3.10 -0.78 0.62 1.80
3.13 -0.54 0.84 1.80
3.17 -0.24 0.97 1.80
3.20 0.08 1.00 1.80
3.23 -0.28 0.96 1.80
3.27 -0.61 0.79 1.80
3.30 -0.86 0.52 1.80
3.33 -0.64 0.77 1.80
3.37 -0.36 0.93 1.80
3.40 -0.04 1.00 1.80
3.43 -0.40 0.92 1.80
3.47 -0.70 0.71 1.80
3.50 -0.91 0.41 1.80
3.53 -0.73 0.68 1.80
3.57 -0.48 0.88 1.80
3.60 -0.17 0.99 1.80
3.63 -0.51 0.86 1.80
3.67 -0.79 0.62 1.80
3.70 -0.96 0.29 1.80
3.73 -0.81 0.58 1.80
3.77 -0.58 0.81 1.80
3.80 -0.29 0.96 1.80
3.83 -0.62 0.79 1.80
3.87 -0.86 0.51 1.80
3.90 -0.99 0.17 1.80
3.93 -0.88 0.48 1.80
3.97 -0.68 0.73 1.80
4.00 -0.41 0.91 1.80
4.03 -0.71 0.70 1.80
4.07 -0.92 0.40 1.80
4.10 -1.00 0.04 1.80
4.13 -0.93 0.36 1.80
4.17 -0.77 0.64 1.80
4.20 -0.52 0.86 1.80
4.23 -0.79 0.61 1.80
4.27 -0.96 0.28 1.80
4.30 -1.00 -0.08 1.80
4.33 -0.97 0.24 1.80
4.37 -0.84 0.54 1.80
4.40 -0.62 0.78 1.80
4.43 -0.86 0.51 1.80
4.47 -0.99 0.16 1.80
4.50 -0.98 -0.21 1.80
4.53 -0.99 0.12 1.80
4.57 -0.90 0.43 1.80
4.60 -0.71 0.70 1.80
4.63 -0.92 0.39 1.80
4.67 -1.00 0.03 1.80
4.70 -0.94 -0.33 1.80
4.73 -1.00 -0.01 1.80
4.77 -0.95 0.32 1.80
4.80 -0.80 0.60 1.80
4.83 -0.96 0.28 1.80
4.87 -1.00 -0.09 1.80
4.90 -0.90 -0.44 1.80
4.93 -0.99 -0.13 1.80
4.97 -0.98 0.19 1.80
5.00 -0.87 0.50 1.80
5.03 -0.99 0.15 1.80
5.07 -0.98 -0.21 1.80
5.10 -0.83 -0.55 1.80
5.13 -0.97 -0.26 1.80
5.17 -1.00 0.07 1.80
5.20 -0.92 0.39 1.80
5.23 -1.00 0.03 1.80
5.27 -0.94 -0.34 1.80
5.30 -0.76 -0.65 1.80
5.33 -0.93 -0.37 1.80
5.37 -1.00 -0.06 1.80
5.40 -0.96 0.27 1.80
5.43 -1.00 -0.10 1.80
5.47 -0.89 -0.45 1.80
5.50 -0.67 -0.74 1.80
5.53 -0.87 -0.49 1.80
5.57 -0.98 -0.18 1.80
5.60 -0.99 0.15 1.80
5.63 -0.98 -0.22 1.80
5.67 -0.83 -0.56 1.80
5.70 -0.57 -0.82 1.80
5.73 -0.80 -0.59 1.80
5.77 -0.95 -0.30 1.80
5.80 -1.00 0.02 1.80
5.83 -0.94 -0.34 1.80
5.87 -0.75 -0.66 1.80
5.90 -0.46 -0.89 1.80
5.93 -0.72 -0.69 1.80
5.97 -0.91 -0.42 1.80
6.00 -0.99 -0.10 1.80
6.03 -0.89 -0.46 1.80
6.07 -0.66 -0.75 1.80
6.10 -0.35 -0.94 1.80
6.13 -0.63 -0.77 1.80
6.17 -0.85 -0.53 1.80
6.20 -0.97 -0.23 1.80
6.23 -0.83 -0.56 1.80
6.27 -0.56 -0.83 1.80
6.30 -0.23 -0.97 1.80
6.33 -0.53 -0.85 1.80
6.37 -0.77 -0.63 1.80
6.40 -0.94 -0.35 1.80
6.43 -0.75 -0.66 1.80
6.47 -0.46 -0.89 1.80
6.50 -0.10 -0.99 1.80
6.53 -0.42 -0.91 1.80
6.57 -0.69 -0.72 1.80
6.60 -0.89 -0.46 1.80
6.63 -0.66 -0.75 1.80
6.67 -0.34 -0.94 1.80
6.70 0.02 -1.00 1.80
6.73 -0.30 -0.95 1.80
6.77 -0.59 -0.80 1.80
6.80 -0.82 -0.57 1.80
6.83 -0.56 -0.83 1.80
6.87 -0.22 -0.98 1.80
6.90 0.15 -0.99 1.80
6.93 -0.18 -0.98 1.80
6.97 -0.49 -0.87 1.80
7.00 -0.74 -0.67 1.80
7.03 -0.45 -0.89 1.80
7.07 -0.10 -1.00 1.80
7.10 0.27 -0.96 1.80
7.13 -0.06 -1.00 1.80
7.17 -0.37 -0.93 1.80
7.20 -0.65 -0.76 1.80
7.23 -0.34 -0.94 1.80
7.27 0.03 -1.00 1.80
7.30 0.39 -0.92 1.80
7.33 0.07 -1.00 1.80
7.37 -0.26 -0.97 1.80
7.40 -0.55 -0.83 1.80
7.43 -0.21 -0.98 1.80
7.47 0.15 -0.99 1.80
7.50 0.50 -0.87 1.80
7.53 0.19 -0.98 1.80
7.57 -0.13 -0.99 1.80
7.60 -0.44 -0.90 1.80
7.63 -0.09 -1.00 1.80
7.67 0.28 -0.96 1.80
7.70 0.60 -0.80 1.80
7.73 0.32 -0.95 1.80
7.77 -0.01 -1.00 1.80
7.80 -0.33 -0.94 1.80
7.83 0.03 -1.00 1.80
7.87 0.39 -0.92 1.80
7.90 0.70 -0.71 1.80
7.93 0.43 -0.90 1.80
7.97 0.12 -0.99 1.80
8.00 -0.21 -0.98 1.80
8.03 0.16 -0.99 1.80
8.07 0.51 -0.86 1.80
8.10 0.78 -0.62 1.80
8.13 0.54 -0.84 1.80
8.17 0.24 -0.97 1.80
8.20 -0.08 -1.00 1.80
8.23 0.28 -0.96 1.80
8.27 0.61 -0.79 1.80
8.30 0.86 -0.52 1.80
8.33 0.64 -0.77 1.80
8.37 0.36 -0.93 1.80
8.40 0.04 -1.00 1.80
8.43 0.40 -0.92 1.80
8.47 0.70 -0.71 1.80
8.50 0.91 -0.41 1.80
8.53 0.73 -0.68 1.80
8.57 0.48 -0.88 1.80
8.60 0.17 -0.99 1.80
8.63 0.51 -0.86 1.80
8.67 0.79 -0.62 1.80
8.70 0.96 -0.29 1.80
8.73 0.81 -0.58 1.80
8.77 0.58 -0.81 1.80
8.80 0.29 -0.96 1.80
8.83 0.62 -0.79 1.80
8.87 0.86 -0.51 1.80
8.90 0.99 -0.17 1.80
8.93 0.88 -0.48 1.80
8.97 0.68 -0.73 1.80
9.00 0.41 -0.91 1.80
9.03 0.71 -0.70 1.80
9.07 0.92 -0.40 1.80
9.10 1.00 -0.04 1.80
9.13 0.93 -0.36 1.80
9.17 0.77 -0.64 1.80
9.20 0.52 -0.86 1.80
9.23 0.79 -0.61 1.80
9.27 0.96 -0.28 1.80
9.30 1.00 0.08 1.80
9.33 0.97 -0.24 1.80
9.37 0.84 -0.54 1.80
9.40 0.62 -0.78 1.80
9.43 0.86 -0.51 1.80
9.47 0.99 -0.16 1.80
9.50 0.98 0.21 1.80
9.53 0.99 -0.12 1.80
9.57 0.90 -0.43 1.80
9.60 0.71 -0.70 1.80
9.63 0.92 -0.39 1.80
9.67 1.00 -0.03 1.80
9.70 0.94 0.33 1.80
9.73 1.00 0.01 1.80
9.77 0.95 -0.32 1.80
9.80 0.80 -0.60 1.80
9.83 0.96 -0.28 1.80
9.87 1.00 0.09 1.80
9.90 0.90 0.44 1.80
9.93 0.99 0.13 1.80
9.97 0.98 -0.19 1.80
10.00 0.87 -0.50 1.80
