0.00 0.00 0.00 0.00
0.00 0.10 0.00 0.00
0.01 0.20 0.00 0.00
0.01 0.30 0.00 0.00
0.01 0.40 0.00 0.00
0.01 0.50 0.00 0.00
0.02 0.60 0.00 0.00
0.02 0.70 0.00 0.00
0.02 0.80 0.00 0.00
0.03 0.90 0.00 0.00
0.03 1.00 0.00 0.00
0.03 1.10 0.00 0.00
0.03 1.20 0.00 0.00
0.04 1.30 0.00 0.00
0.04 1.40 0.00 0.00
0.04 1.50 0.00 0.00
0.04 1.60 0.00 0.00
0.05 1.70 0.00 0.00
0.05 1.80 0.00 0.00
0.05 1.90 0.00 0.00
0.06 2.00 0.00 0.00
0.06 2.10 0.00 0.00
0.06 2.20 0.00 0.00
0.06 2.30 0.00 0.00
0.07 2.40 0.00 0.00
0.07 2.50 0.00 0.00
0.07 2.60 0.00 0.00
0.07 2.70 0.00 0.00
0.08 2.80 0.00 0.00
0.08 2.90 0.00 0.00
0.08 3.00 0.00 0.00
0.09 3.10 0.00 0.00
0.09 3.20 0.00 0.00
0.09 3.30 0.00 0.00
0.09 3.40 0.00 0.00
0.10 3.50 0.00 0.00
0.10 3.60 0.00 0.00
0.10 3.70 0.00 0.00
0.11 3.80 0.00 0.00
0.11 3.90 0.00 0.00
0.11 4.00 0.00 0.00
0.11 4.10 0.00 0.00
0.12 4.20 0.00 0.00
0.12 4.30 0.00 0.00
0.12 4.40 0.00 0.00
0.12 4.50 0.00 0.00
0.13 4.60 0.00 0.00
0.13 4.70 0.00 0.00
0.13 4.80 0.00 0.00
0.14 4.90 0.00 0.00
0.14 5.00 0.00 0.00
0.14 5.10 0.00 0.00
0.14 5.20 0.00 0.00
0.15 5.30 0.00 0.00
0.15 5.40 0.00 0.00
0.15 5.50 0.00 0.00
0.16 5.60 0.00 0.00
0.16 5.70 0.00 0.00
0.16 5.80 0.00 0.00
0.16 5.90 0.00 0.00
0.17 6.00 0.00 0.00
0.17 6.10 0.00 0.00
0.17 6.20 0.00 0.00
0.18 6.30 0.00 0.00
0.18 6.40 0.00 0.00
0.18 6.50 0.00 0.00
0.18 6.60 0.00 0.00
0.19 6.70 0.00 0.00
0.19 6.80 0.00 0.00
0.19 6.90 0.00 0.00
0.19 7.00 0.00 0.00
0.20 7.10 0.00 0.00
0.20 7.20 0.00 0.00
0.20 7.30 0.00 0.00
0.21 7.40 0.00 0.00
0.21 7.50 0.00 0.00
0.21 7.60 0.00 0.00
0.21 7.70 0.00 0.00
0.22 7.80 0.00 0.00
0.22 7.90 0.00 0.00
0.22 8.00 0.00 0.00
0.23 8.10 0.00 0.00
0.23 8.20 0.00 0.00
0.23 8.30 0.00 0.00
0.23 8.40 0.00 0.00
0.24 8.50 0.00 0.00
0.24 8.60 0.00 0.00
0.24 8.70 0.00 0.00
0.24 8.80 0.00 0.00
0.25 8.90 0.00 0.00
0.25 9.00 0.00 0.00
0.25 9.10 0.00 0.00
0.26 9.20 0.00 0.00
0.26 9.30 0.00 0.00
0.26 9.40 0.00 0.00
0.26 9.50 0.00 0.00
0.27 9.60 0.00 0.00
0.27 9.70 0.00 0.00
0.27 9.80 0.00 0.00
0.28 9.90 0.00 0.00
0.28 10.00 0.00 0.00
0.28 10.10 0.00 0.00
0.28 10.20 0.00 0.00
0.29 10.30 0.00 0.00
0.29 10.40 0.00 0.00
0.29 10.50 0.00 0.00
0.29 10.60 0.00 0.00
0.30 10.70 0.00 0.00
0.30 10.80 0.00 0.00
0.30 10.90 0.00 0.00
0.31 11.00 0.00 0.00
0.31 11.10 0.00 0.00
0.31 11.20 0.00 0.00
0.31 11.30 0.00 0.00
0.32 11.40 0.00 0.00
0.32 11.50 0.00 0.00
0.32 11.60 0.00 0.00
0.33 11.70 0.00 0.00
0.33 11.80 0.00 0.00
0.33 11.90 0.00 0.00
0.33 12.00 0.00 0.00
0.34 12.10 0.00 0.00
0.34 12.20 0.00 0.00
0.34 12.30 0.00 0.00
0.34 12.40 0.00 0.00
0.35 12.50 0.00 0.00
0.35 12.60 0.00 0.00
0.35 12.70 0.00 0.00
0.36 12.80 0.00 0.00
0.36 12.90 0.00 0.00
0.36 13.00 0.00 0.00
0.36 13.10 0.00 0.00
0.37 13.20 0.00 0.00
0.37 13.30 0.00 0.00
0.37 13.40 0.00 0.00
0.38 13.50 0.00 0.00
0.38 13.60 0.00 0.00
0.38 13.70 0.00 0.00
0.38 13.80 0.00 0.00
0.39 13.90 0.00 0.00
0.39 14.00 0.00 0.00
0.39 14.10 0.00 0.00
0.39 14.20 0.00 0.00
0.40 14.30 0.00 0.00
0.40 14.40 0.00 0.00
0.40 14.50 0.00 0.00
0.41 14.60 0.00 0.00
0.41 14.70 0.00 0.00
0.41 14.80 0.00 0.00
0.41 14.90 0.00 0.00
0.42 15.00 0.00 0.00
0.42 15.10 0.00 0.00
0.42 15.20 0.00 0.00
0.42 15.30 0.00 0.00
0.43 15.40 0.00 0.00
0.43 15.50 0.00 0.00
0.43 15.60 0.00 0.00
0.44 15.70 0.00 0.00
0.44 15.80 0.00 0.00
0.44 15.90 0.00 0.00
0.44 16.00 0.00 0.00
0.45 16.10 0.00 0.00
0.45 16.20 0.00 0.00
0.45 16.30 0.00 0.00
0.46 16.40 0.00 0.00
0.46 16.50 0.00 0.00
0.46 16.60 0.00 0.00
0.46 16.70 0.00 0.00
0.47 16.80 0.00 0.00
0.47 16.90 0.00 0.00
0.47 17.00 0.00 0.00
0.48 17.10 0.00 0.00
0.48 17.20 0.00 0.00
0.48 17.30 0.00 0.00
0.48 17.40 0.00 0.00
0.49 17.50 0.00 0.00
0.49 17.60 0.00 0.00
0.49 17.70 0.00 0.00
0.49 17.80 0.00 0.00
0.50 17.90 0.00 0.00
0.50 18.00 0.00 0.00
0.50 18.10 0.00 0.00
0.51 18.20 0.00 0.00
0.51 18.30 0.00 0.00
0.51 18.40 0.00 0.00
0.51 18.50 0.00 0.00
0.52 18.60 0.00 0.00
0.52 18.70 0.00 0.00
0.52 18.80 0.00 0.00
0.53 18.90 0.00 0.00
0.53 19.00 0.00 0.00
0.53 19.10 0.00 0.00
0.53 19.20 0.00 0.00
0.54 19.30 0.00 0.00
0.54 19.40 0.00 0.00
0.54 19.50 0.00 0.00
0.54 19.60 0.00 0.00
0.55 19.70 0.00 0.00
0.55 19.80 0.00 0.00
0.55 19.90 0.00 0.00
0.56 20.00 0.00 0.00
0.56 20.10 0.00 0.00
0.56 20.20 0.00 0.00
0.56 20.30 0.00 0.00
0.57 20.40 0.00 0.00
0.57 20.50 0.00 0.00
0.57 20.60 0.00 0.00
0.58 20.70 0.00 0.00
0.58 20.80 0.00 0.00
0.58 20.90 0.00 0.00
0.58 21.00 0.00 0.00
0.59 21.10 0.00 0.00
0.59 21.20 0.00 0.00
0.59 21.30 0.00 0.00
0.59 21.40 0.00 0.00
0.60 21.50 0.00 0.00
0.60 21.60 0.00 0.00
0.60 21.70 0.00 0.00
0.61 21.80 0.00 0.00
0.61 21.90 0.00 0.00
0.61 22.00 0.00 0.00
0.61 22.10 0.00 0.00
0.62 22.20 0.00 0.00
0.62 22.30 0.00 0.00
0.62 22.40 0.00 0.00
0.62 22.50 0.00 0.00
0.63 22.60 0.00 0.00
0.63 22.70 0.00 0.00
0.63 22.80 0.00 0.00
0.64 22.90 0.00 0.00
0.64 23.00 0.00 0.00
0.64 23.10 0.00 0.00
0.64 23.20 0.00 0.00
0.65 23.30 0.00 0.00
0.65 23.40 0.00 0.00
0.65 23.50 0.00 0.00
0.66 23.60 0.00 0.00
0.66 23.70 0.00 0.00
0.66 23.80 0.00 0.00
0.66 23.90 0.00 0.00
0.67 24.00 0.00 0.00
0.67 24.10 0.00 0.00
0.67 24.20 0.00 0.00
0.68 24.30 0.00 0.00
0.68 24.40 0.00 0.00
0.68 24.50 0.00 0.00
0.68 24.60 0.00 0.00
0.69 24.70 0.00 0.00
0.69 24.80 0.00 0.00
0.69 24.90 0.00 0.00
0.69 25.00 0.00 0.00
0.70 25.10 0.00 0.00
0.70 25.20 0.00 0.00
0.70 25.30 0.00 0.00
0.71 25.40 0.00 0.00
0.71 25.50 0.00 0.00
0.71 25.60 0.00 0.00
0.71 25.70 0.00 0.00
0.72 25.80 0.00 0.00
0.72 25.90 0.00 0.00
0.72 26.00 0.00 0.00
0.72 26.10 0.00 0.00
0.73 26.20 0.00 0.00
0.73 26.30 0.00 0.00
0.73 26.40 0.00 0.00
0.74 26.50 0.00 0.00
0.74 26.60 0.00 0.00
0.74 26.70 0.00 0.00
0.74 26.80 0.00 0.00
0.75 26.90 0.00 0.00
0.75 27.00 0.00 0.00
0.75 27.10 0.00 0.00
0.76 27.20 0.00 0.00
0.76 27.30 0.00 0.00
0.76 27.40 0.00 0.00
0.76 27.50 0.00 0.00
0.77 27.60 0.00 0.00
0.77 27.70 0.00 0.00
0.77 27.80 0.00 0.00
0.78 27.90 0.00 0.00
0.78 28.00 0.00 0.00
0.78 28.10 0.00 0.00
0.78 28.20 0.00 0.00
0.79 28.30 0.00 0.00
0.79 28.40 0.00 0.00
0.79 28.50 0.00 0.00
0.79 28.60 0.00 0.00
0.80 28.70 0.00 0.00
0.80 28.80 0.00 0.00
0.80 28.90 0.00 0.00
0.81 29.00 0.00 0.00
0.81 29.10 0.00 0.00
0.81 29.20 0.00 0.00
0.81 29.30 0.00 0.00
0.82 29.40 0.00 0.00
0.82 29.50 0.00 0.00
0.82 29.60 0.00 0.00
0.83 29.70 0.00 0.00
0.83 29.80 0.00 0.00
0.83 29.90 0.00 0.00
0.83 30.00 0.00 0.00
0.84 30.10 0.00 0.00
0.84 30.20 0.00 0.00
0.84 30.30 0.00 0.00
0.84 30.40 0.00 0.00
0.85 30.50 0.00 0.00
0.85 30.60 0.00 0.00
0.85 30.70 0.00 0.00
0.86 30.80 0.00 0.00
0.86 30.90 0.00 0.00
0.86 31.00 0.00 0.00
0.86 31.10 0.00 0.00
0.87 31.20 0.00 0.00
0.87 31.30 0.00 0.00
0.87 31.40 0.00 0.00
0.88 31.50 0.00 0.00
0.88 31.60 0.00 0.00
0.88 31.70 0.00 0.00
0.88 31.80 0.00 0.00
0.89 31.90 0.00 0.00
0.89 32.00 0.00 0.00
0.89 32.10 0.00 0.00
0.89 32.20 0.00 0.00
0.90 32.30 0.00 0.00
0.90 32.40 0.00 0.00
0.90 32.50 0.00 0.00
0.91 32.60 0.00 0.00
0.91 32.70 0.00 0.00
0.91 32.80 0.00 0.00
0.91 32.90 0.00 0.00
0.92 33.00 0.00 0.00
0.92 33.10 0.00 0.00
0.92 33.20 0.00 0.00
0.93 33.30 0.00 0.00
0.93 33.40 0.00 0.00
0.93 33.50 0.00 0.00
0.93 33.60 0.00 0.00
0.94 33.70 0.00 0.00
0.94 33.80 0.00 0.00
0.94 33.90 0.00 0.00
0.94 34.00 0.00 0.00
0.95 34.10 0.00 0.00
0.95 34.20 0.00 0.00
0.95 34.30 0.00 0.00
0.96 34.40 0.00 0.00
0.96 34.50 0.00 0.00
0.96 34.60 0.00 0.00
0.96 34.70 0.00 0.00
0.97 34.80 0.00 0.00
0.97 34.90 0.00 0.00
0.97 35.00 0.00 0.00
0.98 35.10 0.00 0.00
0.98 35.20 0.00 0.00
0.98 35.30 0.00 0.00
0.98 35.40 0.00 0.00
0.99 35.50 0.00 0.00
0.99 35.60 0.00 0.00
0.99 35.70 0.00 0.00
0.99 35.80 0.00 0.00
1.00 35.90 0.00 0.00
1.00 36.00 0.00 0.00
1.00 36.10 0.00 0.00
1.01 36.20 0.00 0.00
1.01 36.30 0.00 0.00
1.01 36.40 0.00 0.00
1.01 36.50 0.00 0.00
1.02 36.60 0.00 0.00
1.02 36.70 0.00 0.00
1.02 36.80 0.00 0.00
1.03 36.90 0.00 0.00
1.03 37.00 0.00 0.00
1.03 37.10 0.00 0.00
1.03 37.20 0.00 0.00
1.04 37.30 0.00 0.00
1.04 37.40 0.00 0.00
1.04 37.50 0.00 0.00
1.04 37.60 0.00 0.00
1.05 37.70 0.00 0.00
1.05 37.80 0.00 0.00
1.05 37.90 0.00 0.00
1.06 38.00 0.00 0.00
1.06 38.10 0.00 0.00
1.06 38.20 0.00 0.00
1.06 38.30 0.00 0.00
1.07 38.40 0.00 0.00
1.07 38.50 0.00 0.00
1.07 38.60 0.00 0.00
1.07 38.70 0.00 0.00
1.08 38.80 0.00 0.00
1.08 38.90 0.00 0.00
1.08 39.00 0.00 0.00
1.09 39.10 0.00 0.00
1.09 39.20 0.00 0.00
1.09 39.30 0.00 0.00
1.09 39.40 0.00 0.00
1.10 39.50 0.00 0.00
1.10 39.60 0.00 0.00
1.10 39.70 0.00 0.00
1.11 39.80 0.00 0.00
1.11 39.90 0.00 0.00
1.11 40.00 0.00 0.00
1.11 40.10 0.00 0.00
1.12 40.20 0.00 0.00
1.12 40.30 0.00 0.00
1.12 40.40 0.00 0.00
1.12 40.50 0.00 0.00
1.13 40.60 0.00 0.00
1.13 40.70 0.00 0.00
1.13 40.80 0.00 0.00
1.14 40.90 0.00 0.00
1.14 41.00 0.00 0.00
1.14 41.10 0.00 0.00
1.14 41.20 0.00 0.00
1.15 41.30 0.00 0.00
1.15 41.40 0.00 0.00
1.15 41.50 0.00 0.00
1.16 41.60 0.00 0.00
1.16 41.70 0.00 0.00
1.16 41.80 0.00 0.00
1.16 41.90 0.00 0.00
1.17 42.00 0.00 0.00
1.17 42.10 0.00 0.00
1.17 42.20 0.00 0.00
1.18 42.30 0.00 0.00
1.18 42.40 0.00 0.00
1.18 42.50 0.00 0.00
1.18 42.60 0.00 0.00
1.19 42.70 0.00 0.00
1.19 42.80 0.00 0.00
1.19 42.90 0.00 0.00
1.19 43.00 0.00 0.00
1.20 43.10 0.00 0.00
1.20 43.20 0.00 0.00
1.20 43.30 0.00 0.00
1.21 43.40 0.00 0.00
1.21 43.50 0.00 0.00
1.21 43.60 0.00 0.00
1.21 43.70 0.00 0.00
1.22 43.80 0.00 0.00
1.22 43.90 0.00 0.00
1.22 44.00 0.00 0.00
1.23 44.10 0.00 0.00
1.23 44.20 0.00 0.00
1.23 44.30 0.00 0.00
1.23 44.40 0.00 0.00
1.24 44.50 0.00 0.00
1.24 44.60 0.00 0.00
1.24 44.70 0.00 0.00
1.24 44.80 0.00 0.00
1.25 44.90 0.00 0.00
1.25 45.00 0.00 0.00
1.25 45.10 0.00 0.00
1.26 45.20 0.00 0.00
1.26 45.30 0.00 0.00
1.26 45.40 0.00 0.00
1.26 45.50 0.00 0.00
1.27 45.60 0.00 0.00
1.27 45.70 0.00 0.00
1.27 45.80 0.00 0.00
1.28 45.90 0.00 0.00
1.28 46.00 0.00 0.00
1.28 46.10 0.00 0.00
1.28 46.20 0.00 0.00
1.29 46.30 0.00 0.00
1.29 46.40 0.00 0.00
1.29 46.50 0.00 0.00
1.29 46.60 0.00 0.00
1.30 46.70 0.00 0.00
1.30 46.80 0.00 0.00
1.30 46.90 0.00 0.00
1.31 47.00 0.00 0.00
1.31 47.10 0.00 0.00
1.31 47.20 0.00 0.00
1.31 47.30 0.00 0.00
1.32 47.40 0.00 0.00
1.32 47.50 0.00 0.00
1.32 47.60 0.00 0.00
1.32 47.70 0.00 0.00
1.33 47.80 0.00 0.00
1.33 47.90 0.00 0.00
1.33 48.00 0.00 0.00
1.34 48.10 0.00 0.00
1.34 48.20 0.00 0.00
1.34 48.30 0.00 0.00
1.34 48.40 0.00 0.00
1.35 48.50 0.00 0.00
1.35 48.60 0.00 0.00
1.35 48.70 0.00 0.00
1.36 48.80 0.00 0.00
1.36 48.90 0.00 0.00
1.36 49.00 0.00 0.00
1.36 49.10 0.00 0.00
1.37 49.20 0.00 0.00
1.37 49.30 0.00 0.00
1.37 49.40 0.00 0.00
1.38 49.50 0.00 0.00
1.38 49.60 0.00 0.00
1.38 49.70 0.00 0.00
1.38 49.80 0.00 0.00
1.39 49.90 0.00 0.00
1.39 50.00 0.00 0.00
1.39 50.10 0.00 0.00
1.39 50.20 0.00 0.00
1.40 50.30 0.00 0.00
1.40 50.40 0.00 0.00
1.40 50.50 0.00 0.00
1.41 50.60 0.00 0.00
1.41 50.70 0.00 0.00
1.41 50.80 0.00 0.00
1.41 50.90 0.00 0.00
1.42 51.00 0.00 0.00
1.42 51.10 0.00 0.00
1.42 51.20 0.00 0.00
1.43 51.30 0.00 0.00
1.43 51.40 0.00 0.00
1.43 51.50 0.00 0.00
1.43 51.60 0.00 0.00
1.44 51.70 0.00 0.00
1.44 51.80 0.00 0.00
1.44 51.90 0.00 0.00
1.44 52.00 0.00 0.00
1.45 52.10 0.00 0.00
1.45 52.20 0.00 0.00
1.45 52.30 0.00 0.00
1.46 52.40 0.00 0.00
1.46 52.50 0.00 0.00
1.46 52.60 0.00 0.00
1.46 52.70 0.00 0.00
1.47 52.80 0.00 0.00
1.47 52.90 0.00 0.00
1.47 53.00 0.00 0.00
1.48 53.10 0.00 0.00
1.48 53.20 0.00 0.00
1.48 53.30 0.00 0.00
1.48 53.40 0.00 0.00
1.49 53.50 0.00 0.00
1.49 53.60 0.00 0.00
1.49 53.70 0.00 0.00
1.49 53.80 0.00 0.00
1.50 53.90 0.00 0.00
1.50 54.00 0.00 0.00
1.50 54.10 0.00 0.00
1.51 54.20 0.00 0.00
1.51 54.30 0.00 0.00
1.51 54.40 0.00 0.00
1.51 54.50 0.00 0.00
1.52 54.60 0.00 0.00
1.52 54.70 0.00 0.00
1.52 54.80 0.00 0.00
1.53 54.90 0.00 0.00
1.53 55.00 0.00 0.00
1.53 55.10 0.00 0.00
1.53 55.20 0.00 0.00
1.54 55.30 0.00 0.00
1.54 55.40 0.00 0.00
1.54 55.50 0.00 0.00
1.54 55.60 0.00 0.00
1.55 55.70 0.00 0.00
1.55 55.80 0.00 0.00
1.55 55.90 0.00 0.00
1.56 56.00 0.00 0.00
1.56 56.10 0.00 0.00
1.56 56.20 0.00 0.00
1.56 56.30 0.00 0.00
1.57 56.40 0.00 0.00
1.57 56.50 0.00 0.00
1.57 56.60 0.00 0.00
1.57 56.70 0.00 0.00
1.58 56.80 0.00 0.00
1.58 56.90 0.00 0.00
1.58 57.00 0.00 0.00
1.59 57.10 0.00 0.00
1.59 57.20 0.00 0.00
1.59 57.30 0.00 0.00
1.59 57.40 0.00 0.00
1.60 57.50 0.00 0.00
1.60 57.60 0.00 0.00
1.60 57.70 0.00 0.00
1.61 57.80 0.00 0.00
1.61 57.90 0.00 0.00
1.61 58.00 0.00 0.00
1.61 58.10 0.00 0.00
1.62 58.20 0.00 0.00
1.62 58.30 0.00 0.00
1.62 58.40 0.00 0.00
1.62 58.50 0.00 0.00
1.63 58.60 0.00 0.00
1.63 58.70 0.00 0.00
1.63 58.80 0.00 0.00
1.64 58.90 0.00 0.00
1.64 59.00 0.00 0.00
1.64 59.10 0.00 0.00
1.64 59.20 0.00 0.00
1.65 59.30 0.00 0.00
1.65 59.40 0.00 0.00
1.65 59.50 0.00 0.00
1.66 59.60 0.00 0.00
1.66 59.70 0.00 0.00
1.66 59.80 0.00 0.00
1.66 59.90 0.00 0.00
1.67 60.00 0.00 0.00
1.67 60.10 0.00 0.00
1.67 60.20 0.00 0.00
1.68 60.30 0.00 0.00
1.68 60.40 0.00 0.00
1.68 60.50 0.00 0.00
1.68 60.60 0.00 0.00
1.69 60.70 0.00 0.00
1.69 60.80 0.00 0.00
1.69 60.90 0.00 0.00
1.69 61.00 0.00 0.00
1.70 61.10 0.00 0.00
1.70 61.20 0.00 0.00
1.70 61.30 0.00 0.00
1.71 61.40 0.00 0.00
1.71 61.50 0.00 0.00
1.71 61.60 0.00 0.00
1.71 61.70 0.00 0.00
1.72 61.80 0.00 0.00
1.72 61.90 0.00 0.00
1.72 62.00 0.00 0.00
1.73 62.10 0.00 0.00
1.73 62.20 0.00 0.00
1.73 62.30 0.00 0.00
1.73 62.40 0.00 0.00
1.74 62.50 0.00 0.00
1.74 62.60 0.00 0.00
1.74 62.70 0.00 0.00
1.74 62.80 0.00 0.00
1.75 62.90 0.00 0.00
1.75 63.00 0.00 0.00
1.75 63.10 0.00 0.00
1.76 63.20 0.00 0.00
1.76 63.30 0.00 0.00
1.76 63.40 0.00 0.00
1.76 63.50 0.00 0.00
1.77 63.60 0.00 0.00
1.77 63.70 0.00 0.00
1.77 63.80 0.00 0.00
1.78 63.90 0.00 0.00
1.78 64.00 0.00 0.00
1.78 64.10 0.00 0.00
1.78 64.20 0.00 0.00
1.79 64.30 0.00 0.00
1.79 64.40 0.00 0.00
1.79 64.50 0.00 0.00
1.79 64.60 0.00 0.00
1.80 64.70 0.00 0.00
1.80 64.80 0.00 0.00
1.80 64.90 0.00 0.00
1.81 65.00 0.00 0.00
1.81 65.10 0.00 0.00
1.81 65.20 0.00 0.00
1.81 65.30 0.00 0.00
1.82 65.40 0.00 0.00
1.82 65.50 0.00 0.00
1.82 65.60 0.00 0.00
1.83 65.70 0.00 0.00
1.83 65.80 0.00 0.00
1.83 65.90 0.00 0.00
1.83 66.00 0.00 0.00
1.84 66.10 0.00 0.00
1.84 66.20 0.00 0.00
1.84 66.30 0.00 0.00
1.84 66.40 0.00 0.00
1.85 66.50 0.00 0.00
1.85 66.60 0.00 0.00
1.85 66.70 0.00 0.00
1.86 66.80 0.00 0.00
1.86 66.90 0.00 0.00
1.86 67.00 0.00 0.00
1.86 67.10 0.00 0.00
1.87 67.20 0.00 0.00
1.87 67.30 0.00 0.00
1.87 67.40 0.00 0.00
1.88 67.50 0.00 0.00
1.88 67.60 0.00 0.00
1.88 67.70 0.00 0.00
1.88 67.80 0.00 0.00
1.89 67.90 0.00 0.00
1.89 68.00 0.00 0.00
1.89 68.10 0.00 0.00
1.89 68.20 0.00 0.00
1.90 68.30 0.00 0.00
1.90 68.40 0.00 0.00
1.90 68.50 0.00 0.00
1.91 68.60 0.00 0.00
1.91 68.70 0.00 0.00
1.91 68.80 0.00 0.00
1.91 68.90 0.00 0.00
1.92 69.00 0.00 0.00
1.92 69.10 0.00 0.00
1.92 69.20 0.00 0.00
1.93 69.30 0.00 0.00
1.93 69.40 0.00 0.00
1.93 69.50 0.00 0.00
1.93 69.60 0.00 0.00
1.94 69.70 0.00 0.00
1.94 69.80 0.00 0.00
1.94 69.90 0.00 0.00
1.94 70.00 0.00 0.00
1.95 70.10 0.00 0.00
1.95 70.20 0.00 0.00
1.95 70.30 0.00 0.00
1.96 70.40 0.00 0.00
1.96 70.50 0.00 0.00
1.96 70.60 0.00 0.00
1.96 70.70 0.00 0.00
1.97 70.80 0.00 0.00
1.97 70.90 0.00 0.00
1.97 71.00 0.00 0.00
1.98 71.10 0.00 0.00
1.98 71.20 0.00 0.00
1.98 71.30 0.00 0.00
1.98 71.40 0.00 0.00
1.99 71.50 0.00 0.00
1.99 71.60 0.00 0.00
1.99 71.70 0.00 0.00
1.99 71.80 0.00 0.00
2.00 71.90 0.00 0.00
2.00 72.00 0.00 0.00
2.00 72.10 0.00 0.00
2.01 72.20 0.00 0.00
2.01 72.30 0.00 0.00
2.01 72.40 0.00 0.00
2.01 72.50 0.00 0.00
2.02 72.60 0.00 0.00
2.02 72.70 0.00 0.00
2.02 72.80 0.00 0.00
2.02 72.90 0.00 0.00
2.03 73.00 0.00 0.00
2.03 73.10 0.00 0.00
2.03 73.20 0.00 0.00
2.04 73.30 0.00 0.00
2.04 73.40 0.00 0.00
2.04 73.50 0.00 0.00
2.04 73.60 0.00 0.00
2.05 73.70 0.00 0.00
2.05 73.80 0.00 0.00
2.05 73.90 0.00 0.00
2.06 74.00 0.00 0.00
2.06 74.10 0.00 0.00
2.06 74.20 0.00 0.00
2.06 74.30 0.00 0.00
2.07 74.40 0.00 0.00
2.07 74.50 0.00 0.00
2.07 74.60 0.00 0.00
2.08 74.70 0.00 0.00
2.08 74.80 0.00 0.00
2.08 74.90 0.00 0.00
2.08 75.00 0.00 0.00
2.09 75.10 0.00 0.00
2.09 75.20 0.00 0.00
2.09 75.30 0.00 0.00
2.09 75.40 0.00 0.00
2.10 75.50 0.00 0.00
2.10 75.60 0.00 0.00
2.10 75.70 0.00 0.00
2.11 75.80 0.00 0.00
2.11 75.90 0.00 0.00
2.11 76.00 0.00 0.00
2.11 76.10 0.00 0.00
2.12 76.20 0.00 0.00
2.12 76.30 0.00 0.00
2.12 76.40 0.00 0.00
2.12 76.50 0.00 0.00
2.13 76.60 0.00 0.00
2.13 76.70 0.00 0.00
2.13 76.80 0.00 0.00
2.14 76.90 0.00 0.00
2.14 77.00 0.00 0.00
2.14 77.10 0.00 0.00
2.14 77.20 0.00 0.00
2.15 77.30 0.00 0.00
2.15 77.40 0.00 0.00
2.15 77.50 0.00 0.00
2.16 77.60 0.00 0.00
2.16 77.70 0.00 0.00
2.16 77.80 0.00 0.00
2.16 77.90 0.00 0.00
2.17 78.00 0.00 0.00
2.17 78.10 0.00 0.00
2.17 78.20 0.00 0.00
2.18 78.30 0.00 0.00
2.18 78.40 0.00 0.00
2.18 78.50 0.00 0.00
2.18 78.60 0.00 0.00
2.19 78.70 0.00 0.00
2.19 78.80 0.00 0.00
2.19 78.90 0.00 0.00
2.19 79.00 0.00 0.00
2.20 79.10 0.00 0.00
2.20 79.20 0.00 0.00
2.20 79.30 0.00 0.00
2.21 79.40 0.00 0.00
2.21 79.50 0.00 0.00
2.21 79.60 0.00 0.00
2.21 79.70 0.00 0.00
2.22 79.80 0.00 0.00
2.22 79.90 0.00 0.00
2.22 80.00 0.00 0.00
2.23 80.10 0.00 0.00
2.23 80.20 0.00 0.00
2.23 80.30 0.00 0.00
2.23 80.40 0.00 0.00
2.24 80.50 0.00 0.00
2.24 80.60 0.00 0.00
2.24 80.70 0.00 0.00
2.24 80.80 0.00 0.00
2.25 80.90 0.00 0.00
2.25 81.00 0.00 0.00
2.25 81.10 0.00 0.00
2.26 81.20 0.00 0.00
2.26 81.30 0.00 0.00
2.26 81.40 0.00 0.00
2.26 81.50 0.00 0.00
2.27 81.60 0.00 0.00
2.27 81.70 0.00 0.00
2.27 81.80 0.00 0.00
2.27 81.90 0.00 0.00
2.28 82.00 0.00 0.00
2.28 82.10 0.00 0.00
2.28 82.20 0.00 0.00
2.29 82.30 0.00 0.00
2.29 82.40 0.00 0.00
2.29 82.50 0.00 0.00
2.29 82.60 0.00 0.00
2.30 82.70 0.00 0.00
2.30 82.80 0.00 0.00
2.30 82.90 0.00 0.00
2.31 83.00 0.00 0.00
2.31 83.10 0.00 0.00
2.31 83.20 0.00 0.00
2.31 83.30 0.00 0.00
2.32 83.40 0.00 0.00
2.32 83.50 0.00 0.00
2.32 83.60 0.00 0.00
2.33 83.70 0.00 0.00
2.33 83.80 0.00 0.00
2.33 83.90 0.00 0.00
2.33 84.00 0.00 0.00
2.34 84.10 0.00 0.00
2.34 84.20 0.00 0.00
2.34 84.30 0.00 0.00
2.34 84.40 0.00 0.00
2.35 84.50 0.00 0.00
2.35 84.60 0.00 0.00
2.35 84.70 0.00 0.00
2.36 84.80 0.00 0.00
2.36 84.90 0.00 0.00
2.36 85.00 0.00 0.00
2.36 85.10 0.00 0.00
2.37 85.20 0.00 0.00
2.37 85.30 0.00 0.00
2.37 85.40 0.00 0.00
2.38 85.50 0.00 0.00
2.38 85.60 0.00 0.00
2.38 85.70 0.00 0.00
2.38 85.80 0.00 0.00
2.39 85.90 0.00 0.00
2.39 86.00 0.00 0.00
2.39 86.10 0.00 0.00
2.39 86.20 0.00 0.00
2.40 86.30 0.00 0.00
2.40 86.40 0.00 0.00
2.40 86.50 0.00 0.00
2.41 86.60 0.00 0.00
2.41 86.70 0.00 0.00
2.41 86.80 0.00 0.00
2.41 86.90 0.00 0.00
2.42 87.00 0.00 0.00
2.42 87.10 0.00 0.00
2.42 87.20 0.00 0.00
2.43 87.30 0.00 0.00
2.43 87.40 0.00 0.00
2.43 87.50 0.00 0.00
2.43 87.60 0.00 0.00
2.44 87.70 0.00 0.00
2.44 87.80 0.00 0.00
2.44 87.90 0.00 0.00
2.44 88.00 0.00 0.00
2.45 88.10 0.00 0.00
2.45 88.20 0.00 0.00
2.45 88.30 0.00 0.00
2.46 88.40 0.00 0.00
2.46 88.50 0.00 0.00
2.46 88.60 0.00 0.00
2.46 88.70 0.00 0.00
2.47 88.80 0.00 0.00
2.47 88.90 0.00 0.00
2.47 89.00 0.00 0.00
2.48 89.10 0.00 0.00
2.48 89.20 0.00 0.00
2.48 89.30 0.00 0.00
2.48 89.40 0.00 0.00
2.49 89.50 0.00 0.00
2.49 89.60 0.00 0.00
2.49 89.70 0.00 0.00
2.49 89.80 0.00 0.00
2.50 89.90 0.00 0.00
2.50 90.00 0.00 0.00
2.50 90.10 0.00 0.00
2.51 90.20 0.00 0.00
2.51 90.30 0.00 0.00
2.51 90.40 0.00 0.00
2.51 90.50 0.00 0.00
2.52 90.60 0.00 0.00
2.52 90.70 0.00 0.00
2.52 90.80 0.00 0.00
2.52 90.90 0.00 0.00
2.53 91.00 0.00 0.00
2.53 91.10 0.00 0.00
2.53 91.20 0.00 0.00
2.54 91.30 0.00 0.00
2.54 91.40 0.00 0.00
2.54 91.50 0.00 0.00
2.54 91.60 0.00 0.00
2.55 91.70 0.00 0.00
2.55 91.80 0.00 0.00
2.55 91.90 0.00 0.00
2.56 92.00 0.00 0.00
2.56 92.10 0.00 0.00
2.56 92.20 0.00 0.00
2.56 92.30 0.00 0.00
2.57 92.40 0.00 0.00
2.57 92.50 0.00 0.00
2.57 92.60 0.00 0.00
2.58 92.70 0.00 0.00
2.58 92.80 0.00 0.00
2.58 92.90 0.00 0.00
2.58 93.00 0.00 0.00
2.59 93.10 0.00 0.00
2.59 93.20 0.00 0.00
2.59 93.30 0.00 0.00
2.59 93.40 0.00 0.00
2.60 93.50 0.00 0.00
2.60 93.60 0.00 0.00
2.60 93.70 0.00 0.00
2.61 93.80 0.00 0.00
2.61 93.90 0.00 0.00
2.61 94.00 0.00 0.00
2.61 94.10 0.00 0.00
2.62 94.20 0.00 0.00
2.62 94.30 0.00 0.00
2.62 94.40 0.00 0.00
2.62 94.50 0.00 0.00
2.63 94.60 0.00 0.00
2.63 94.70 0.00 0.00
2.63 94.80 0.00 0.00
2.64 94.90 0.00 0.00
2.64 95.00 0.00 0.00
2.64 95.10 0.00 0.00
2.64 95.20 0.00 0.00
2.65 95.30 0.00 0.00
2.65 95.40 0.00 0.00
2.65 95.50 0.00 0.00
2.66 95.60 0.00 0.00
2.66 95.70 0.00 0.00
2.66 95.80 0.00 0.00
2.66 95.90 0.00 0.00
2.67 96.00 0.00 0.00
2.67 96.10 0.00 0.00
2.67 96.20 0.00 0.00
2.68 96.30 0.00 0.00
2.68 96.40 0.00 0.00
2.68 96.50 0.00 0.00
2.68 96.60 0.00 0.00
2.69 96.70 0.00 0.00
2.69 96.80 0.00 0.00
2.69 96.90 0.00 0.00
2.69 97.00 0.00 0.00
2.70 97.10 0.00 0.00
2.70 97.20 0.00 0.00
2.70 97.30 0.00 0.00
2.71 97.40 0.00 0.00
2.71 97.50 0.00 0.00
2.71 97.60 0.00 0.00
2.71 97.70 0.00 0.00
2.72 97.80 0.00 0.00
2.72 97.90 0.00 0.00
2.72 98.00 0.00 0.00
2.73 98.10 0.00 0.00
2.73 98.20 0.00 0.00
2.73 98.30 0.00 0.00
2.73 98.40 0.00 0.00
2.74 98.50 0.00 0.00
2.74 98.60 0.00 0.00
2.74 98.70 0.00 0.00
2.74 98.80 0.00 0.00
2.75 98.90 0.00 0.00
2.75 99.00 0.00 0.00
2.75 99.10 0.00 0.00
2.76 99.20 0.00 0.00
2.76 99.30 0.00 0.00
2.76 99.40 0.00 0.00
2.76 99.50 0.00 0.00
2.77 99.60 0.00 0.00
2.77 99.70 0.00 0.00
2.77 99.80 0.00 0.00
2.77 99.90 0.00 0.00
2.78 100.00 0.00 0.00
2.78 100.10 0.00 0.00
2.78 100.20 0.00 0.00
2.79 100.30 0.00 0.00
2.79 100.40 0.00 0.00
2.79 100.50 0.00 0.00
2.79 100.60 0.00 0.00
2.80 100.70 0.00 0.00
2.80 100.80 0.00 0.00
2.80 100.90 0.00 0.00
2.81 101.00 0.00 0.00
2.81 101.10 0.00 0.00
2.81 101.20 0.00 0.00
2.81 101.30 0.00 0.00
2.82 101.40 0.00 0.00
2.82 101.50 0.00 0.00
2.82 101.60 0.00 0.00
2.83 101.70 0.00 0.00
2.83 101.80 0.00 0.00
2.83 101.90 0.00 0.00
2.83 102.00 0.00 0.00
2.84 102.10 0.00 0.00
2.84 102.20 0.00 0.00
2.84 102.30 0.00 0.00
2.84 102.40 0.00 0.00
2.85 102.50 0.00 0.00
2.85 102.60 0.00 0.00
2.85 102.70 0.00 0.00
2.86 102.80 0.00 0.00
2.86 102.90 0.00 0.00
2.86 103.00 0.00 0.00
2.86 103.10 0.00 0.00
2.87 103.20 0.00 0.00
2.87 103.30 0.00 0.00
2.87 103.40 0.00 0.00
2.88 103.50 0.00 0.00
2.88 103.60 0.00 0.00
2.88 103.70 0.00 0.00
2.88 103.80 0.00 0.00
2.89 103.90 0.00 0.00
2.89 104.00 0.00 0.00
2.89 104.10 0.00 0.00
2.89 104.20 0.00 0.00
2.90 104.30 0.00 0.00
2.90 104.40 0.00 0.00
2.90 104.50 0.00 0.00
2.91 104.60 0.00 0.00
2.91 104.70 0.00 0.00
2.91 104.80 0.00 0.00
2.91 104.90 0.00 0.00
2.92 105.00 0.00 0.00
2.92 105.10 0.00 0.00
2.92 105.20 0.00 0.00
2.93 105.30 0.00 0.00
2.93 105.40 0.00 0.00
2.93 105.50 0.00 0.00
2.93 105.60 0.00 0.00
2.94 105.70 0.00 0.00
2.94 105.80 0.00 0.00
2.94 105.90 0.00 0.00
2.94 106.00 0.00 0.00
2.95 106.10 0.00 0.00
2.95 106.20 0.00 0.00
2.95 106.30 0.00 0.00
2.96 106.40 0.00 0.00
2.96 106.50 0.00 0.00
2.96 106.60 0.00 0.00
2.96 106.70 0.00 0.00
2.97 106.80 0.00 0.00
2.97 106.90 0.00 0.00
2.97 107.00 0.00 0.00
2.98 107.10 0.00 0.00
2.98 107.20 0.00 0.00
2.98 107.30 0.00 0.00
2.98 107.40 0.00 0.00
2.99 107.50 0.00 0.00
2.99 107.60 0.00 0.00
2.99 107.70 0.00 0.00
2.99 107.80 0.00 0.00
3.00 107.90 0.00 0.00
3.00 108.00 0.00 0.00
3.00 108.10 0.00 0.00
3.01 108.20 0.00 0.00
3.01 108.30 0.00 0.00
3.01 108.40 0.00 0.00
3.01 108.50 0.00 0.00
3.02 108.60 0.00 0.00
3.02 108.70 0.00 0.00
3.02 108.80 0.00 0.00
3.02 108.90 0.00 0.00
3.03 109.00 0.00 0.00
3.03 109.10 0.00 0.00
3.03 109.20 0.00 0.00
3.04 109.30 0.00 0.00
3.04 109.40 0.00 0.00
3.04 109.50 0.00 0.00
3.04 109.60 0.00 0.00
3.05 109.70 0.00 0.00
3.05 109.80 0.00 0.00
3.05 109.90 0.00 0.00
3.06 110.00 0.00 0.00
3.06 110.10 0.00 0.00
3.06 110.20 0.00 0.00
3.06 110.30 0.00 0.00
3.07 110.40 0.00 0.00
3.07 110.50 0.00 0.00
3.07 110.60 0.00 0.00
3.08 110.70 0.00 0.00
3.08 110.80 0.00 0.00
3.08 110.90 0.00 0.00
3.08 111.00 0.00 0.00
3.09 111.10 0.00 0.00
3.09 111.20 0.00 0.00
3.09 111.30 0.00 0.00
3.09 111.40 0.00 0.00
3.10 111.50 0.00 0.00
3.10 111.60 0.00 0.00
3.10 111.70 0.00 0.00
3.11 111.80 0.00 0.00
3.11 111.90 0.00 0.00
3.11 112.00 0.00 0.00
3.11 112.10 0.00 0.00
3.12 112.20 0.00 0.00
3.12 112.30 0.00 0.00
3.12 112.40 0.00 0.00
3.12 112.50 0.00 0.00
3.13 112.60 0.00 0.00
3.13 112.70 0.00 0.00
3.13 112.80 0.00 0.00
3.14 112.90 0.00 0.00
3.14 113.00 0.00 0.00
3.14 113.10 0.00 0.00
3.14 113.20 0.00 0.00
3.15 113.30 0.00 0.00
3.15 113.40 0.00 0.00
3.15 113.50 0.00 0.00
3.16 113.60 0.00 0.00
3.16 113.70 0.00 0.00
3.16 113.80 0.00 0.00
3.16 113.90 0.00 0.00
3.17 114.00 0.00 0.00
3.17 114.10 0.00 0.00
3.17 114.20 0.00 0.00
3.18 114.30 0.00 0.00
3.18 114.40 0.00 0.00
3.18 114.50 0.00 0.00
3.18 114.60 0.00 0.00
3.19 114.70 0.00 0.00
3.19 114.80 0.00 0.00
3.19 114.90 0.00 0.00
3.19 115.00 0.00 0.00
3.20 115.10 0.00 0.00
3.20 115.20 0.00 0.00
3.20 115.30 0.00 0.00
3.21 115.40 0.00 0.00
3.21 115.50 0.00 0.00
3.21 115.60 0.00 0.00
3.21 115.70 0.00 0.00
3.22 115.80 0.00 0.00
3.22 115.90 0.00 0.00
3.22 116.00 0.00 0.00
3.23 116.10 0.00 0.00
3.23 116.20 0.00 0.00
3.23 116.30 0.00 0.00
3.23 116.40 0.00 0.00
3.24 116.50 0.00 0.00
3.24 116.60 0.00 0.00
3.24 116.70 0.00 0.00
3.24 116.80 0.00 0.00
3.25 116.90 0.00 0.00
3.25 117.00 0.00 0.00
3.25 117.10 0.00 0.00
3.26 117.20 0.00 0.00
3.26 117.30 0.00 0.00
3.26 117.40 0.00 0.00
3.26 117.50 0.00 0.00
3.27 117.60 0.00 0.00
3.27 117.70 0.00 0.00
3.27 117.80 0.00 0.00
3.27 117.90 0.00 0.00
3.28 118.00 0.00 0.00
3.28 118.10 0.00 0.00
3.28 118.20 0.00 0.00
3.29 118.30 0.00 0.00
3.29 118.40 0.00 0.00
3.29 118.50 0.00 0.00
3.29 118.60 0.00 0.00
3.30 118.70 0.00 0.00
3.30 118.80 0.00 0.00
3.30 118.90 0.00 0.00
3.31 119.00 0.00 0.00
3.31 119.10 0.00 0.00
3.31 119.20 0.00 0.00
3.31 119.30 0.00 0.00
3.32 119.40 0.00 0.00
3.32 119.50 0.00 0.00
3.32 119.60 0.00 0.00
3.33 119.70 0.00 0.00
3.33 119.80 0.00 0.00
3.33 119.90 0.00 0.00
3.33 120.00 0.00 0.00
3.34 120.10 0.00 0.00
3.34 120.20 0.00 0.00
3.34 120.30 0.00 0.00
3.34 120.40 0.00 0.00
3.35 120.50 0.00 0.00
3.35 120.60 0.00 0.00
3.35 120.70 0.00 0.00
3.36 120.80 0.00 0.00
3.36 120.90 0.00 0.00
3.36 121.00 0.00 0.00
3.36 121.10 0.00 0.00
3.37 121.20 0.00 0.00
3.37 121.30 0.00 0.00
3.37 121.40 0.00 0.00
3.38 121.50 0.00 0.00
3.38 121.60 0.00 0.00
3.38 121.70 0.00 0.00
3.38 121.80 0.00 0.00
3.39 121.90 0.00 0.00
3.39 122.00 0.00 0.00
3.39 122.10 0.00 0.00
3.39 122.20 0.00 0.00
3.40 122.30 0.00 0.00
3.40 122.40 0.00 0.00
3.40 122.50 0.00 0.00
3.41 122.60 0.00 0.00
3.41 122.70 0.00 0.00
3.41 122.80 0.00 0.00
3.41 122.90 0.00 0.00
3.42 123.00 0.00 0.00
3.42 123.10 0.00 0.00
3.42 123.20 0.00 0.00
3.43 123.30 0.00 0.00
3.43 123.40 0.00 0.00
3.43 123.50 0.00 0.00
3.43 123.60 0.00 0.00
3.44 123.70 0.00 0.00
3.44 123.80 0.00 0.00
3.44 123.90 0.00 0.00
3.44 124.00 0.00 0.00
3.45 124.10 0.00 0.00
3.45 124.20 0.00 0.00
3.45 124.30 0.00 0.00
3.46 124.40 0.00 0.00
3.46 124.50 0.00 0.00
3.46 124.60 0.00 0.00
3.46 124.70 0.00 0.00
3.47 124.80 0.00 0.00
3.47 124.90 0.00 0.00
3.47 125.00 0.00 0.00
3.48 125.10 0.00 0.00
3.48 125.20 0.00 0.00
3.48 125.30 0.00 0.00
3.48 125.40 0.00 0.00
3.49 125.50 0.00 0.00
3.49 125.60 0.00 0.00
3.49 125.70 0.00 0.00
3.49 125.80 0.00 0.00
3.50 125.90 0.00 0.00
3.50 126.00 0.00 0.00
3.50 126.10 0.00 0.00
3.51 126.20 0.00 0.00
3.51 126.30 0.00 0.00
3.51 126.40 0.00 0.00
3.51 126.50 0.00 0.00
3.52 126.60 0.00 0.00
3.52 126.70 0.00 0.00
3.52 126.80 0.00 0.00
3.53 126.90 0.00 0.00
3.53 127.00 0.00 0.00
3.53 127.10 0.00 0.00
3.53 127.20 0.00 0.00
3.54 127.30 0.00 0.00
3.54 127.40 0.00 0.00
3.54 127.50 0.00 0.00
3.54 127.60 0.00 0.00
3.55 127.70 0.00 0.00
3.55 127.80 0.00 0.00
3.55 127.90 0.00 0.00
3.56 128.00 0.00 0.00
3.56 128.10 0.00 0.00
3.56 128.20 0.00 0.00
3.56 128.30 0.00 0.00
3.57 128.40 0.00 0.00
3.57 128.50 0.00 0.00
3.57 128.60 0.00 0.00
3.58 128.70 0.00 0.00
3.58 128.80 0.00 0.00
3.58 128.90 0.00 0.00
3.58 129.00 0.00 0.00
3.59 129.10 0.00 0.00
3.59 129.20 0.00 0.00
3.59 129.30 0.00 0.00
3.59 129.40 0.00 0.00
3.60 129.50 0.00 0.00
3.60 129.60 0.00 0.00
3.60 129.70 0.00 0.00
3.61 129.80 0.00 0.00
3.61 129.90 0.00 0.00
3.61 130.00 0.00 0.00
3.61 130.10 0.00 0.00
3.62 130.20 0.00 0.00
3.62 130.30 0.00 0.00
3.62 130.40 0.00 0.00
3.62 130.50 0.00 0.00
3.63 130.60 0.00 0.00
3.63 130.70 0.00 0.00
3.63 130.80 0.00 0.00
3.64 130.90 0.00 0.00
3.64 131.00 0.00 0.00
3.64 131.10 0.00 0.00
3.64 131.20 0.00 0.00
3.65 131.30 0.00 0.00
3.65 131.40 0.00 0.00
3.65 131.50 0.00 0.00
3.66 131.60 0.00 0.00
3.66 131.70 0.00 0.00
3.66 131.80 0.00 0.00
3.66 131.90 0.00 0.00
3.67 132.00 0.00 0.00
3.67 132.10 0.00 0.00
3.67 132.20 0.00 0.00
3.68 132.30 0.00 0.00
3.68 132.40 0.00 0.00
3.68 132.50 0.00 0.00
3.68 132.60 0.00 0.00
3.69 132.70 0.00 0.00
3.69 132.80 0.00 0.00
3.69 132.90 0.00 0.00
3.69 133.00 0.00 0.00
3.70 133.10 0.00 0.00
3.70 133.20 0.00 0.00
3.70 133.30 0.00 0.00
3.71 133.40 0.00 0.00
3.71 133.50 0.00 0.00
3.71 133.60 0.00 0.00
3.71 133.70 0.00 0.00
3.72 133.80 0.00 0.00
3.72 133.90 0.00 0.00
3.72 134.00 0.00 0.00
3.73 134.10 0.00 0.00
3.73 134.20 0.00 0.00
3.73 134.30 0.00 0.00
3.73 134.40 0.00 0.00
3.74 134.50 0.00 0.00
3.74 134.60 0.00 0.00
3.74 134.70 0.00 0.00
3.74 134.80 0.00 0.00
3.75 134.90 0.00 0.00
3.75 135.00 0.00 0.00
3.75 135.10 0.00 0.00
3.76 135.20 0.00 0.00
3.76 135.30 0.00 0.00
3.76 135.40 0.00 0.00
3.76 135.50 0.00 0.00
3.77 135.60 0.00 0.00
3.77 135.70 0.00 0.00
3.77 135.80 0.00 0.00
3.78 135.90 0.00 0.00
3.78 136.00 0.00 0.00
3.78 136.10 0.00 0.00
3.78 136.20 0.00 0.00
3.79 136.30 0.00 0.00
3.79 136.40 0.00 0.00
3.79 136.50 0.00 0.00
3.79 136.60 0.00 0.00
3.80 136.70 0.00 0.00
3.80 136.80 0.00 0.00
3.80 136.90 0.00 0.00
3.81 137.00 0.00 0.00
3.81 137.10 0.00 0.00
3.81 137.20 0.00 0.00
3.81 137.30 0.00 0.00
3.82 137.40 0.00 0.00
3.82 137.50 0.00 0.00
3.82 137.60 0.00 0.00
3.83 137.70 0.00 0.00
3.83 137.80 0.00 0.00
3.83 137.90 0.00 0.00
3.83 138.00 0.00 0.00
3.84 138.10 0.00 0.00
3.84 138.20 0.00 0.00
3.84 138.30 0.00 0.00
3.84 138.40 0.00 0.00
3.85 138.50 0.00 0.00
3.85 138.60 0.00 0.00
3.85 138.70 0.00 0.00
3.86 138.80 0.00 0.00
3.86 138.90 0.00 0.00
3.86 139.00 0.00 0.00
3.86 139.10 0.00 0.00
3.87 139.20 0.00 0.00
3.87 139.30 0.00 0.00
3.87 139.40 0.00 0.00
3.88 139.50 0.00 0.00
3.88 139.60 0.00 0.00
3.88 139.70 0.00 0.00
3.88 139.80 0.00 0.00
3.89 139.90 0.00 0.00
3.89 140.00 0.00 0.00
3.89 140.10 0.00 0.00
3.89 140.20 0.00 0.00
3.90 140.30 0.00 0.00
3.90 140.40 0.00 0.00
3.90 140.50 0.00 0.00
3.91 140.60 0.00 0.00
3.91 140.70 0.00 0.00
3.91 140.80 0.00 0.00
3.91 140.90 0.00 0.00
3.92 141.00 0.00 0.00
3.92 141.10 0.00 0.00
3.92 141.20 0.00 0.00
3.93 141.30 0.00 0.00
3.93 141.40 0.00 0.00
3.93 141.50 0.00 0.00
3.93 141.60 0.00 0.00
3.94 141.70 0.00 0.00
3.94 141.80 0.00 0.00
3.94 141.90 0.00 0.00
3.94 142.00 0.00 0.00
3.95 142.10 0.00 0.00
3.95 142.20 0.00 0.00
3.95 142.30 0.00 0.00
3.96 142.40 0.00 0.00
3.96 142.50 0.00 0.00
3.96 142.60 0.00 0.00
3.96 142.70 0.00 0.00
3.97 142.80 0.00 0.00
3.97 142.90 0.00 0.00
3.97 143.00 0.00 0.00
3.98 143.10 0.00 0.00
3.98 143.20 0.00 0.00
3.98 143.30 0.00 0.00
3.98 143.40 0.00 0.00
3.99 143.50 0.00 0.00
3.99 143.60 0.00 0.00
3.99 143.70 0.00 0.00
3.99 143.80 0.00 0.00
4.00 143.90 0.00 0.00
4.00 144.00 0.00 0.00
4.00 144.10 0.00 0.00
4.01 144.20 0.00 0.00
4.01 144.30 0.00 0.00
4.01 144.40 0.00 0.00
4.01 144.50 0.00 0.00
4.02 144.60 0.00 0.00
4.02 144.70 0.00 0.00
4.02 144.80 0.00 0.00
4.03 144.90 0.00 0.00
4.03 145.00 0.00 0.00
4.03 145.10 0.00 0.00
4.03 145.20 0.00 0.00
4.04 145.30 0.00 0.00
4.04 145.40 0.00 0.00
4.04 145.50 0.00 0.00
4.04 145.60 0.00 0.00
4.05 145.70 0.00 0.00
4.05 145.80 0.00 0.00
4.05 145.90 0.00 0.00
4.06 146.00 0.00 0.00
4.06 146.10 0.00 0.00
4.06 146.20 0.00 0.00
4.06 146.30 0.00 0.00
4.07 146.40 0.00 0.00
4.07 146.50 0.00 0.00
4.07 146.60 0.00 0.00
4.08 146.70 0.00 0.00
4.08 146.80 0.00 0.00
4.08 146.90 0.00 0.00
4.08 147.00 0.00 0.00
4.09 147.10 0.00 0.00
4.09 147.20 0.00 0.00
4.09 147.30 0.00 0.00
4.09 147.40 0.00 0.00
4.10 147.50 0.00 0.00
4.10 147.60 0.00 0.00
4.10 147.70 0.00 0.00
4.11 147.80 0.00 0.00
4.11 147.90 0.00 0.00
4.11 148.00 0.00 0.00
4.11 148.10 0.00 0.00
4.12 148.20 0.00 0.00
4.12 148.30 0.00 0.00
4.12 148.40 0.00 0.00
4.12 148.50 0.00 0.00
4.13 148.60 0.00 0.00
4.13 148.70 0.00 0.00
4.13 148.80 0.00 0.00
4.14 148.90 0.00 0.00
4.14 149.00 0.00 0.00
4.14 149.10 0.00 0.00
4.14 149.20 0.00 0.00
4.15 149.30 0.00 0.00
4.15 149.40 0.00 0.00
4.15 149.50 0.00 0.00
4.16 149.60 0.00 0.00
4.16 149.70 0.00 0.00
4.16 149.80 0.00 0.00
4.16 149.90 0.00 0.00
4.17 150.00 0.00 0.00
4.17 150.10 0.00 0.00
4.17 150.20 0.00 0.00
4.17 150.30 0.00 0.00
4.18 150.40 0.00 0.00
4.18 150.50 0.00 0.00
4.18 150.60 0.00 0.00
4.19 150.70 0.00 0.00
4.19 150.80 0.00 0.00
4.19 150.90 0.00 0.00
4.19 151.00 0.00 0.00
4.20 151.10 0.00 0.00
4.20 151.20 0.00 0.00
4.20 151.30 0.00 0.00
4.21 151.40 0.00 0.00
4.21 151.50 0.00 0.00
4.21 151.60 0.00 0.00
4.21 151.70 0.00 0.00
4.22 151.80 0.00 0.00
4.22 151.90 0.00 0.00
4.22 152.00 0.00 0.00
4.23 152.10 0.00 0.00
4.23 152.20 0.00 0.00
4.23 152.30 0.00 0.00
4.23 152.40 0.00 0.00
4.24 152.50 0.00 0.00
4.24 152.60 0.00 0.00
4.24 152.70 0.00 0.00
4.24 152.80 0.00 0.00
4.25 152.90 0.00 0.00
4.25 153.00 0.00 0.00
4.25 153.10 0.00 0.00
4.26 153.20 0.00 0.00
4.26 153.30 0.00 0.00
4.26 153.40 0.00 0.00
4.26 153.50 0.00 0.00
4.27 153.60 0.00 0.00
4.27 153.70 0.00 0.00
4.27 153.80 0.00 0.00
4.28 153.90 0.00 0.00
4.28 154.00 0.00 0.00
4.28 154.10 0.00 0.00
4.28 154.20 0.00 0.00
4.29 154.30 0.00 0.00
4.29 154.40 0.00 0.00
4.29 154.50 0.00 0.00
4.29 154.60 0.00 0.00
4.30 154.70 0.00 0.00
4.30 154.80 0.00 0.00
4.30 154.90 0.00 0.00
4.31 155.00 0.00 0.00
4.31 155.10 0.00 0.00
4.31 155.20 0.00 0.00
4.31 155.30 0.00 0.00
4.32 155.40 0.00 0.00
4.32 155.50 0.00 0.00
4.32 155.60 0.00 0.00
4.33 155.70 0.00 0.00
4.33 155.80 0.00 0.00
4.33 155.90 0.00 0.00
4.33 156.00 0.00 0.00
4.34 156.10 0.00 0.00
4.34 156.20 0.00 0.00
4.34 156.30 0.00 0.00
4.34 156.40 0.00 0.00
4.35 156.50 0.00 0.00
4.35 156.60 0.00 0.00
4.35 156.70 0.00 0.00
4.36 156.80 0.00 0.00
4.36 156.90 0.00 0.00
4.36 157.00 0.00 0.00
4.36 157.10 0.00 0.00
4.37 157.20 0.00 0.00
4.37 157.30 0.00 0.00
4.37 157.40 0.00 0.00
4.38 157.50 0.00 0.00
4.38 157.60 0.00 0.00
4.38 157.70 0.00 0.00
4.38 157.80 0.00 0.00
4.39 157.90 0.00 0.00
4.39 158.00 0.00 0.00
4.39 158.10 0.00 0.00
4.39 158.20 0.00 0.00
4.40 158.30 0.00 0.00
4.40 158.40 0.00 0.00
4.40 158.50 0.00 0.00
4.41 158.60 0.00 0.00
4.41 158.70 0.00 0.00
4.41 158.80 0.00 0.00
4.41 158.90 0.00 0.00
4.42 159.00 0.00 0.00
4.42 159.10 0.00 0.00
4.42 159.20 0.00 0.00
4.42 159.30 0.00 0.00
4.43 159.40 0.00 0.00
4.43 159.50 0.00 0.00
4.43 159.60 0.00 0.00
4.44 159.70 0.00 0.00
4.44 159.80 0.00 0.00
4.44 159.90 0.00 0.00
4.44 160.00 0.00 0.00
4.45 160.10 0.00 0.00
4.45 160.20 0.00 0.00
4.45 160.30 0.00 0.00
4.46 160.40 0.00 0.00
4.46 160.50 0.00 0.00
4.46 160.60 0.00 0.00
4.46 160.70 0.00 0.00
4.47 160.80 0.00 0.00
4.47 160.90 0.00 0.00
4.47 161.00 0.00 0.00
4.48 161.10 0.00 0.00
4.48 161.20 0.00 0.00
4.48 161.30 0.00 0.00
4.48 161.40 0.00 0.00
4.49 161.50 0.00 0.00
4.49 161.60 0.00 0.00
4.49 161.70 0.00 0.00
4.49 161.80 0.00 0.00
4.50 161.90 0.00 0.00
4.50 162.00 0.00 0.00
4.50 162.10 0.00 0.00
4.51 162.20 0.00 0.00
4.51 162.30 0.00 0.00
4.51 162.40 0.00 0.00
4.51 162.50 0.00 0.00
4.52 162.60 0.00 0.00
4.52 162.70 0.00 0.00
4.52 162.80 0.00 0.00
4.53 162.90 0.00 0.00
4.53 163.00 0.00 0.00
4.53 163.10 0.00 0.00
4.53 163.20 0.00 0.00
4.54 163.30 0.00 0.00
4.54 163.40 0.00 0.00
4.54 163.50 0.00 0.00
4.54 163.60 0.00 0.00
4.55 163.70 0.00 0.00
4.55 163.80 0.00 0.00
4.55 163.90 0.00 0.00
4.56 164.00 0.00 0.00
4.56 164.10 0.00 0.00
4.56 164.20 0.00 0.00
4.56 164.30 0.00 0.00
4.57 164.40 0.00 0.00
4.57 164.50 0.00 0.00
4.57 164.60 0.00 0.00
4.58 164.70 0.00 0.00
4.58 164.80 0.00 0.00
4.58 164.90 0.00 0.00
4.58 165.00 0.00 0.00
4.59 165.10 0.00 0.00
4.59 165.20 0.00 0.00
4.59 165.30 0.00 0.00
4.59 165.40 0.00 0.00
4.60 165.50 0.00 0.00
4.60 165.60 0.00 0.00
4.60 165.70 0.00 0.00
4.61 165.80 0.00 0.00
4.61 165.90 0.00 0.00
4.61 166.00 0.00 0.00
4.61 166.10 0.00 0.00
4.62 166.20 0.00 0.00
4.62 166.30 0.00 0.00
4.62 166.40 0.00 0.00
4.62 166.50 0.00 0.00
4.63 166.60 0.00 0.00
4.63 166.70 0.00 0.00
4.63 166.80 0.00 0.00
4.64 166.90 0.00 0.00
4.64 167.00 0.00 0.00
4.64 167.10 0.00 0.00
4.64 167.20 0.00 0.00
4.65 167.30 0.00 0.00
4.65 167.40 0.00 0.00
4.65 167.50 0.00 0.00
4.66 167.60 0.00 0.00
4.66 167.70 0.00 0.00
4.66 167.80 0.00 0.00
4.66 167.90 0.00 0.00
4.67 168.00 0.00 0.00
4.67 168.10 0.00 0.00
4.67 168.20 0.00 0.00
4.67 168.30 0.00 0.00
4.68 168.40 0.00 0.00
4.68 168.50 0.00 0.00
4.68 168.60 0.00 0.00
4.69 168.70 0.00 0.00
4.69 168.80 0.00 0.00
4.69 168.90 0.00 0.00
4.69 169.00 0.00 0.00
4.70 169.10 0.00 0.00
4.70 169.20 0.00 0.00
4.70 169.30 0.00 0.00
4.71 169.40 0.00 0.00
4.71 169.50 0.00 0.00
4.71 169.60 0.00 0.00
4.71 169.70 0.00 0.00
4.72 169.80 0.00 0.00
4.72 169.90 0.00 0.00
4.72 170.00 0.00 0.00
4.73 170.10 0.00 0.00
4.73 170.20 0.00 0.00
4.73 170.30 0.00 0.00
4.73 170.40 0.00 0.00
4.74 170.50 0.00 0.00
4.74 170.60 0.00 0.00
4.74 170.70 0.00 0.00
4.74 170.80 0.00 0.00
4.75 170.90 0.00 0.00
4.75 171.00 0.00 0.00
4.75 171.10 0.00 0.00
4.76 171.20 0.00 0.00
4.76 171.30 0.00 0.00
4.76 171.40 0.00 0.00
4.76 171.50 0.00 0.00
4.77 171.60 0.00 0.00
4.77 171.70 0.00 0.00
4.77 171.80 0.00 0.00
4.78 171.90 0.00 0.00
4.78 172.00 0.00 0.00
4.78 172.10 0.00 0.00
4.78 172.20 0.00 0.00
4.79 172.30 0.00 0.00
4.79 172.40 0.00 0.00
4.79 172.50 0.00 0.00
4.79 172.60 0.00 0.00
4.80 172.70 0.00 0.00
4.80 172.80 0.00 0.00
4.80 172.90 0.00 0.00
4.81 173.00 0.00 0.00
4.81 173.10 0.00 0.00
4.81 173.20 0.00 0.00
4.81 173.30 0.00 0.00
4.82 173.40 0.00 0.00
4.82 173.50 0.00 0.00
4.82 173.60 0.00 0.00
4.83 173.70 0.00 0.00
4.83 173.80 0.00 0.00
4.83 173.90 0.00 0.00
4.83 174.00 0.00 0.00
4.84 174.10 0.00 0.00
4.84 174.20 0.00 0.00
4.84 174.30 0.00 0.00
4.84 174.40 0.00 0.00
4.85 174.50 0.00 0.00
4.85 174.60 0.00 0.00
4.85 174.70 0.00 0.00
4.86 174.80 0.00 0.00
4.86 174.90 0.00 0.00
4.86 175.00 0.00 0.00
4.86 175.10 0.00 0.00
4.87 175.20 0.00 0.00
4.87 175.30 0.00 0.00
4.87 175.40 0.00 0.00
4.88 175.50 0.00 0.00
4.88 175.60 0.00 0.00
4.88 175.70 0.00 0.00
4.88 175.80 0.00 0.00
4.89 175.90 0.00 0.00
4.89 176.00 0.00 0.00
4.89 176.10 0.00 0.00
4.89 176.20 0.00 0.00
4.90 176.30 0.00 0.00
4.90 176.40 0.00 0.00
4.90 176.50 0.00 0.00
4.91 176.60 0.00 0.00
4.91 176.70 0.00 0.00
4.91 176.80 0.00 0.00
4.91 176.90 0.00 0.00
4.92 177.00 0.00 0.00
4.92 177.10 0.00 0.00
4.92 177.20 0.00 0.00
4.92 177.30 0.00 0.00
4.93 177.40 0.00 0.00
4.93 177.50 0.00 0.00
4.93 177.60 0.00 0.00
4.94 177.70 0.00 0.00
4.94 177.80 0.00 0.00
4.94 177.90 0.00 0.00
4.94 178.00 0.00 0.00
4.95 178.10 0.00 0.00
4.95 178.20 0.00 0.00
4.95 178.30 0.00 0.00
4.96 178.40 0.00 0.00
4.96 178.50 0.00 0.00
4.96 178.60 0.00 0.00
4.96 178.70 0.00 0.00
4.97 178.80 0.00 0.00
4.97 178.90 0.00 0.00
4.97 179.00 0.00 0.00
4.98 179.10 0.00 0.00
4.98 179.20 0.00 0.00
4.98 179.30 0.00 0.00
4.98 179.40 0.00 0.00
4.99 179.50 0.00 0.00
4.99 179.60 0.00 0.00
4.99 179.70 0.00 0.00
4.99 179.80 0.00 0.00
5.00 179.90 0.00 0.00
5.00 180.00 0.00 0.00
5.00 180.10 0.00 0.00
5.01 180.20 0.00 0.00
5.01 180.30 0.00 0.00
5.01 180.40 0.00 0.00
5.01 180.50 0.00 0.00
5.02 180.60 0.00 0.00
5.02 180.70 0.00 0.00
5.02 180.80 0.00 0.00
5.03 180.90 0.00 0.00
5.03 181.00 0.00 0.00
5.03 181.10 0.00 0.00
5.03 181.20 0.00 0.00
5.04 181.30 0.00 0.00
5.04 181.40 0.00 0.00
5.04 181.50 0.00 0.00
5.04 181.60 0.00 0.00
5.05 181.70 0.00 0.00
5.05 181.80 0.00 0.00
5.05 181.90 0.00 0.00
5.06 182.00 0.00 0.00
5.06 182.10 0.00 0.00
5.06 182.20 0.00 0.00
5.06 182.30 0.00 0.00
5.07 182.40 0.00 0.00
5.07 182.50 0.00 0.00
5.07 182.60 0.00 0.00
5.08 182.70 0.00 0.00
5.08 182.80 0.00 0.00
5.08 182.90 0.00 0.00
5.08 183.00 0.00 0.00
5.09 183.10 0.00 0.00
5.09 183.20 0.00 0.00
5.09 183.30 0.00 0.00
5.09 183.40 0.00 0.00
5.10 183.50 0.00 0.00
5.10 183.60 0.00 0.00
5.10 183.70 0.00 0.00
5.11 183.80 0.00 0.00
5.11 183.90 0.00 0.00
5.11 184.00 0.00 0.00
5.11 184.10 0.00 0.00
5.12 184.20 0.00 0.00
5.12 184.30 0.00 0.00
5.12 184.40 0.00 0.00
5.12 184.50 0.00 0.00
5.13 184.60 0.00 0.00
5.13 184.70 0.00 0.00
5.13 184.80 0.00 0.00
5.14 184.90 0.00 0.00
5.14 185.00 0.00 0.00
5.14 185.10 0.00 0.00
5.14 185.20 0.00 0.00
5.15 185.30 0.00 0.00
5.15 185.40 0.00 0.00
5.15 185.50 0.00 0.00
5.16 185.60 0.00 0.00
5.16 185.70 0.00 0.00
5.16 185.80 0.00 0.00
5.16 185.90 0.00 0.00
5.17 186.00 0.00 0.00
5.17 186.10 0.00 0.00
5.17 186.20 0.00 0.00
5.17 186.30 0.00 0.00
5.18 186.40 0.00 0.00
5.18 186.50 0.00 0.00
5.18 186.60 0.00 0.00
5.19 186.70 0.00 0.00
5.19 186.80 0.00 0.00
5.19 186.90 0.00 0.00
5.19 187.00 0.00 0.00
5.20 187.10 0.00 0.00
5.20 187.20 0.00 0.00
5.20 187.30 0.00 0.00
5.21 187.40 0.00 0.00
5.21 187.50 0.00 0.00
5.21 187.60 0.00 0.00
5.21 187.70 0.00 0.00
5.22 187.80 0.00 0.00
5.22 187.90 0.00 0.00
5.22 188.00 0.00 0.00
5.23 188.10 0.00 0.00
5.23 188.20 0.00 0.00
5.23 188.30 0.00 0.00
5.23 188.40 0.00 0.00
5.24 188.50 0.00 0.00
5.24 188.60 0.00 0.00
5.24 188.70 0.00 0.00
5.24 188.80 0.00 0.00
5.25 188.90 0.00 0.00
5.25 189.00 0.00 0.00
5.25 189.10 0.00 0.00
5.26 189.20 0.00 0.00
5.26 189.30 0.00 0.00
5.26 189.40 0.00 0.00
5.26 189.50 0.00 0.00
5.27 189.60 0.00 0.00
5.27 189.70 0.00 0.00
5.27 189.80 0.00 0.00
5.28 189.90 0.00 0.00
5.28 190.00 0.00 0.00
5.28 190.10 0.00 0.00
5.28 190.20 0.00 0.00
5.29 190.30 0.00 0.00
5.29 190.40 0.00 0.00
5.29 190.50 0.00 0.00
5.29 190.60 0.00 0.00
5.30 190.70 0.00 0.00
5.30 190.80 0.00 0.00
5.30 190.90 0.00 0.00
5.31 191.00 0.00 0.00
5.31 191.10 0.00 0.00
5.31 191.20 0.00 0.00
5.31 191.30 0.00 0.00
5.32 191.40 0.00 0.00
5.32 191.50 0.00 0.00
5.32 191.60 0.00 0.00
5.33 191.70 0.00 0.00
5.33 191.80 0.00 0.00
5.33 191.90 0.00 0.00
5.33 192.00 0.00 0.00
5.34 192.10 0.00 0.00
5.34 192.20 0.00 0.00
5.34 192.30 0.00 0.00
5.34 192.40 0.00 0.00
5.35 192.50 0.00 0.00
5.35 192.60 0.00 0.00
5.35 192.70 0.00 0.00
5.36 192.80 0.00 0.00
5.36 192.90 0.00 0.00
5.36 193.00 0.00 0.00
5.36 193.10 0.00 0.00
5.37 193.20 0.00 0.00
5.37 193.30 0.00 0.00
5.37 193.40 0.00 0.00
5.38 193.50 0.00 0.00
5.38 193.60 0.00 0.00
5.38 193.70 0.00 0.00
5.38 193.80 0.00 0.00
5.39 193.90 0.00 0.00
5.39 194.00 0.00 0.00
5.39 194.10 0.00 0.00
5.39 194.20 0.00 0.00
5.40 194.30 0.00 0.00
5.40 194.40 0.00 0.00
5.40 194.50 0.00 0.00
5.41 194.60 0.00 0.00
5.41 194.70 0.00 0.00
5.41 194.80 0.00 0.00
5.41 194.90 0.00 0.00
5.42 195.00 0.00 0.00
5.42 195.10 0.00 0.00
5.42 195.20 0.00 0.00
5.42 195.30 0.00 0.00
5.43 195.40 0.00 0.00
5.43 195.50 0.00 0.00
5.43 195.60 0.00 0.00
5.44 195.70 0.00 0.00
5.44 195.80 0.00 0.00
5.44 195.90 0.00 0.00
5.44 196.00 0.00 0.00
5.45 196.10 0.00 0.00
5.45 196.20 0.00 0.00
5.45 196.30 0.00 0.00
5.46 196.40 0.00 0.00
5.46 196.50 0.00 0.00
5.46 196.60 0.00 0.00
5.46 196.70 0.00 0.00
5.47 196.80 0.00 0.00
5.47 196.90 0.00 0.00
5.47 197.00 0.00 0.00
5.48 197.10 0.00 0.00
5.48 197.20 0.00 0.00
5.48 197.30 0.00 0.00
5.48 197.40 0.00 0.00
5.49 197.50 0.00 0.00
5.49 197.60 0.00 0.00
5.49 197.70 0.00 0.00
5.49 197.80 0.00 0.00
5.50 197.90 0.00 0.00
5.50 198.00 0.00 0.00
5.50 198.10 0.00 0.00
5.51 198.20 0.00 0.00
5.51 198.30 0.00 0.00
5.51 198.40 0.00 0.00
5.51 198.50 0.00 0.00
5.52 198.60 0.00 0.00
5.52 198.70 0.00 0.00
5.52 198.80 0.00 0.00
5.53 198.90 0.00 0.00
5.53 199.00 0.00 0.00
5.53 199.10 0.00 0.00
5.53 199.20 0.00 0.00
5.54 199.30 0.00 0.00
5.54 199.40 0.00 0.00
5.54 199.50 0.00 0.00
5.54 199.60 0.00 0.00
5.55 199.70 0.00 0.00
5.55 199.80 0.00 0.00
5.55 199.90 0.00 0.00
5.56 200.00 0.00 0.00
5.56 200.10 0.00 0.00
5.56 200.20 0.00 0.00
5.56 200.30 0.00 0.00
5.57 200.40 0.00 0.00
5.57 200.50 0.00 0.00
5.57 200.60 0.00 0.00
5.58 200.70 0.00 0.00
5.58 200.80 0.00 0.00
5.58 200.90 0.00 0.00
5.58 201.00 0.00 0.00
5.59 201.10 0.00 0.00
5.59 201.20 0.00 0.00
5.59 201.30 0.00 0.00
5.59 201.40 0.00 0.00
5.60 201.50 0.00 0.00
5.60 201.60 0.00 0.00
5.60 201.70 0.00 0.00
5.61 201.80 0.00 0.00
5.61 201.90 0.00 0.00
5.61 202.00 0.00 0.00
5.61 202.10 0.00 0.00
5.62 202.20 0.00 0.00
5.62 202.30 0.00 0.00
5.62 202.40 0.00 0.00
5.62 202.50 0.00 0.00
5.63 202.60 0.00 0.00
5.63 202.70 0.00 0.00
5.63 202.80 0.00 0.00
5.64 202.90 0.00 0.00
5.64 203.00 0.00 0.00
5.64 203.10 0.00 0.00
5.64 203.20 0.00 0.00
5.65 203.30 0.00 0.00
5.65 203.40 0.00 0.00
5.65 203.50 0.00 0.00
5.66 203.60 0.00 0.00
5.66 203.70 0.00 0.00
5.66 203.80 0.00 0.00
5.66 203.90 0.00 0.00
5.67 204.00 0.00 0.00
5.67 204.10 0.00 0.00
5.67 204.20 0.00 0.00
5.67 204.30 0.00 0.00
5.68 204.40 0.00 0.00
5.68 204.50 0.00 0.00
5.68 204.60 0.00 0.00
5.69 204.70 0.00 0.00
5.69 204.80 0.00 0.00
5.69 204.90 0.00 0.00
5.69 205.00 0.00 0.00
5.70 205.10 0.00 0.00
5.70 205.20 0.00 0.00
5.70 205.30 0.00 0.00
5.71 205.40 0.00 0.00
5.71 205.50 0.00 0.00
5.71 205.60 0.00 0.00
5.71 205.70 0.00 0.00
5.72 205.80 0.00 0.00
5.72 205.90 0.00 0.00
5.72 206.00 0.00 0.00
5.73 206.10 0.00 0.00
5.73 206.20 0.00 0.00
5.73 206.30 0.00 0.00
5.73 206.40 0.00 0.00
5.74 206.50 0.00 0.00
5.74 206.60 0.00 0.00
5.74 206.70 0.00 0.00
5.74 206.80 0.00 0.00
5.75 206.90 0.00 0.00
5.75 207.00 0.00 0.00
5.75 207.10 0.00 0.00
5.76 207.20 0.00 0.00
5.76 207.30 0.00 0.00
5.76 207.40 0.00 0.00
5.76 207.50 0.00 0.00
5.77 207.60 0.00 0.00
5.77 207.70 0.00 0.00
5.77 207.80 0.00 0.00
5.78 207.90 0.00 0.00
5.78 208.00 0.00 0.00
5.78 208.10 0.00 0.00
5.78 208.20 0.00 0.00
5.79 208.30 0.00 0.00
5.79 208.40 0.00 0.00
5.79 208.50 0.00 0.00
5.79 208.60 0.00 0.00
5.80 208.70 0.00 0.00
5.80 208.80 0.00 0.00
5.80 208.90 0.00 0.00
5.81 209.00 0.00 0.00
5.81 209.10 0.00 0.00
5.81 209.20 0.00 0.00
5.81 209.30 0.00 0.00
5.82 209.40 0.00 0.00
5.82 209.50 0.00 0.00
5.82 209.60 0.00 0.00
5.83 209.70 0.00 0.00
5.83 209.80 0.00 0.00
5.83 209.90 0.00 0.00
5.83 210.00 0.00 0.00
5.84 210.10 0.00 0.00
5.84 210.20 0.00 0.00
5.84 210.30 0.00 0.00
5.84 210.40 0.00 0.00
5.85 210.50 0.00 0.00
5.85 210.60 0.00 0.00
5.85 210.70 0.00 0.00
5.86 210.80 0.00 0.00
5.86 210.90 0.00 0.00
5.86 211.00 0.00 0.00
5.86 211.10 0.00 0.00
5.87 211.20 0.00 0.00
5.87 211.30 0.00 0.00
5.87 211.40 0.00 0.00
5.88 211.50 0.00 0.00
5.88 211.60 0.00 0.00
5.88 211.70 0.00 0.00
5.88 211.80 0.00 0.00
5.89 211.90 0.00 0.00
5.89 212.00 0.00 0.00
5.89 212.10 0.00 0.00
5.89 212.20 0.00 0.00
5.90 212.30 0.00 0.00
5.90 212.40 0.00 0.00
5.90 212.50 0.00 0.00
5.91 212.60 0.00 0.00
5.91 212.70 0.00 0.00
5.91 212.80 0.00 0.00
5.91 212.90 0.00 0.00
5.92 213.00 0.00 0.00
5.92 213.10 0.00 0.00
5.92 213.20 0.00 0.00
5.92 213.30 0.00 0.00
5.93 213.40 0.00 0.00
5.93 213.50 0.00 0.00
5.93 213.60 0.00 0.00
5.94 213.70 0.00 0.00
5.94 213.80 0.00 0.00
5.94 213.90 0.00 0.00
5.94 214.00 0.00 0.00
5.95 214.10 0.00 0.00
5.95 214.20 0.00 0.00
5.95 214.30 0.00 0.00
5.96 214.40 0.00 0.00
5.96 214.50 0.00 0.00
5.96 214.60 0.00 0.00
5.96 214.70 0.00 0.00
5.97 214.80 0.00 0.00
5.97 214.90 0.00 0.00
5.97 215.00 0.00 0.00
5.98 215.10 0.00 0.00
5.98 215.20 0.00 0.00
5.98 215.30 0.00 0.00
5.98 215.40 0.00 0.00
5.99 215.50 0.00 0.00
5.99 215.60 0.00 0.00
5.99 215.70 0.00 0.00
5.99 215.80 0.00 0.00
6.00 215.90 0.00 0.00
6.00 216.00 0.00 0.00
6.00 216.10 0.00 0.00
6.01 216.20 0.00 0.00
6.01 216.30 0.00 0.00
6.01 216.40 0.00 0.00
6.01 216.50 0.00 0.00
6.02 216.60 0.00 0.00
6.02 216.70 0.00 0.00
6.02 216.80 0.00 0.00
6.03 216.90 0.00 0.00
6.03 217.00 0.00 0.00
6.03 217.10 0.00 0.00
6.03 217.20 0.00 0.00
6.04 217.30 0.00 0.00
6.04 217.40 0.00 0.00
6.04 217.50 0.00 0.00
6.04 217.60 0.00 0.00
6.05 217.70 0.00 0.00
6.05 217.80 0.00 0.00
6.05 217.90 0.00 0.00
6.06 218.00 0.00 0.00
6.06 218.10 0.00 0.00
6.06 218.20 0.00 0.00
6.06 218.30 0.00 0.00
6.07 218.40 0.00 0.00
6.07 218.50 0.00 0.00
6.07 218.60 0.00 0.00
6.08 218.70 0.00 0.00
6.08 218.80 0.00 0.00
6.08 218.90 0.00 0.00
6.08 219.00 0.00 0.00
6.09 219.10 0.00 0.00
6.09 219.20 0.00 0.00
6.09 219.30 0.00 0.00
6.09 219.40 0.00 0.00
6.10 219.50 0.00 0.00
6.10 219.60 0.00 0.00
6.10 219.70 0.00 0.00
6.11 219.80 0.00 0.00
6.11 219.90 0.00 0.00
6.11 220.00 0.00 0.00
6.11 220.10 0.00 0.00
6.12 220.20 0.00 0.00
6.12 220.30 0.00 0.00
6.12 220.40 0.00 0.00
6.12 220.50 0.00 0.00
6.13 220.60 0.00 0.00
6.13 220.70 0.00 0.00
6.13 220.80 0.00 0.00
6.14 220.90 0.00 0.00
6.14 221.00 0.00 0.00
6.14 221.10 0.00 0.00
6.14 221.20 0.00 0.00
6.15 221.30 0.00 0.00
6.15 221.40 0.00 0.00
6.15 221.50 0.00 0.00
6.16 221.60 0.00 0.00
6.16 221.70 0.00 0.00
6.16 221.80 0.00 0.00
6.16 221.90 0.00 0.00
6.17 222.00 0.00 0.00
6.17 222.10 0.00 0.00
6.17 222.20 0.00 0.00
6.17 222.30 0.00 0.00
6.18 222.40 0.00 0.00
6.18 222.50 0.00 0.00
6.18 222.60 0.00 0.00
6.19 222.70 0.00 0.00
6.19 222.80 0.00 0.00
6.19 222.90 0.00 0.00
6.19 223.00 0.00 0.00
6.20 223.10 0.00 0.00
6.20 223.20 0.00 0.00
6.20 223.30 0.00 0.00
6.21 223.40 0.00 0.00
6.21 223.50 0.00 0.00
6.21 223.60 0.00 0.00
6.21 223.70 0.00 0.00
6.22 223.80 0.00 0.00
6.22 223.90 0.00 0.00
6.22 224.00 0.00 0.00
6.23 224.10 0.00 0.00
6.23 224.20 0.00 0.00
6.23 224.30 0.00 0.00
6.23 224.40 0.00 0.00
6.24 224.50 0.00 0.00
6.24 224.60 0.00 0.00
6.24 224.70 0.00 0.00
6.24 224.80 0.00 0.00
6.25 224.90 0.00 0.00
6.25 225.00 0.00 0.00
6.25 225.10 0.00 0.00
6.26 225.20 0.00 0.00
6.26 225.30 0.00 0.00
6.26 225.40 0.00 0.00
6.26 225.50 0.00 0.00
6.27 225.60 0.00 0.00
6.27 225.70 0.00 0.00
6.27 225.80 0.00 0.00
6.28 225.90 0.00 0.00
6.28 226.00 0.00 0.00
6.28 226.10 0.00 0.00
6.28 226.20 0.00 0.00
6.29 226.30 0.00 0.00
6.29 226.40 0.00 0.00
6.29 226.50 0.00 0.00
6.29 226.60 0.00 0.00
6.30 226.70 0.00 0.00
6.30 226.80 0.00 0.00
6.30 226.90 0.00 0.00
6.31 227.00 0.00 0.00
6.31 227.10 0.00 0.00
6.31 227.20 0.00 0.00
6.31 227.30 0.00 0.00
6.32 227.40 0.00 0.00
6.32 227.50 0.00 0.00
6.32 227.60 0.00 0.00
6.33 227.70 0.00 0.00
6.33 227.80 0.00 0.00
6.33 227.90 0.00 0.00
6.33 228.00 0.00 0.00
6.34 228.10 0.00 0.00
6.34 228.20 0.00 0.00
6.34 228.30 0.00 0.00
6.34 228.40 0.00 0.00
6.35 228.50 0.00 0.00
6.35 228.60 0.00 0.00
6.35 228.70 0.00 0.00
6.36 228.80 0.00 0.00
6.36 228.90 0.00 0.00
6.36 229.00 0.00 0.00
6.36 229.10 0.00 0.00
6.37 229.20 0.00 0.00
6.37 229.30 0.00 0.00
6.37 229.40 0.00 0.00
6.38 229.50 0.00 0.00
6.38 229.60 0.00 0.00
6.38 229.70 0.00 0.00
6.38 229.80 0.00 0.00
6.39 229.90 0.00 0.00
6.39 230.00 0.00 0.00
6.39 230.10 0.00 0.00
6.39 230.20 0.00 0.00
6.40 230.30 0.00 0.00
6.40 230.40 0.00 0.00
6.40 230.50 0.00 0.00
6.41 230.60 0.00 0.00
6.41 230.70 0.00 0.00
6.41 230.80 0.00 0.00
6.41 230.90 0.00 0.00
6.42 231.00 0.00 0.00
6.42 231.10 0.00 0.00
6.42 231.20 0.00 0.00
6.42 231.30 0.00 0.00
6.43 231.40 0.00 0.00
6.43 231.50 0.00 0.00
6.43 231.60 0.00 0.00
6.44 231.70 0.00 0.00
6.44 231.80 0.00 0.00
6.44 231.90 0.00 0.00
6.44 232.00 0.00 0.00
6.45 232.10 0.00 0.00
6.45 232.20 0.00 0.00
6.45 232.30 0.00 0.00
6.46 232.40 0.00 0.00
6.46 232.50 0.00 0.00
6.46 232.60 0.00 0.00
6.46 232.70 0.00 0.00
6.47 232.80 0.00 0.00
6.47 232.90 0.00 0.00
6.47 233.00 0.00 0.00
6.48 233.10 0.00 0.00
6.48 233.20 0.00 0.00
6.48 233.30 0.00 0.00
6.48 233.40 0.00 0.00
6.49 233.50 0.00 0.00
6.49 233.60 0.00 0.00
6.49 233.70 0.00 0.00
6.49 233.80 0.00 0.00
6.50 233.90 0.00 0.00
6.50 234.00 0.00 0.00
6.50 234.10 0.00 0.00
6.51 234.20 0.00 0.00
6.51 234.30 0.00 0.00
6.51 234.40 0.00 0.00
6.51 234.50 0.00 0.00
6.52 234.60 0.00 0.00
6.52 234.70 0.00 0.00
6.52 234.80 0.00 0.00
6.53 234.90 0.00 0.00
6.53 235.00 0.00 0.00
6.53 235.10 0.00 0.00
6.53 235.20 0.00 0.00
6.54 235.30 0.00 0.00
6.54 235.40 0.00 0.00
6.54 235.50 0.00 0.00
6.54 235.60 0.00 0.00
6.55 235.70 0.00 0.00
6.55 235.80 0.00 0.00
6.55 235.90 0.00 0.00
6.56 236.00 0.00 0.00
6.56 236.10 0.00 0.00
6.56 236.20 0.00 0.00
6.56 236.30 0.00 0.00
6.57 236.40 0.00 0.00
6.57 236.50 0.00 0.00
6.57 236.60 0.00 0.00
6.58 236.70 0.00 0.00
6.58 236.80 0.00 0.00
6.58 236.90 0.00 0.00
6.58 237.00 0.00 0.00
6.59 237.10 0.00 0.00
6.59 237.20 0.00 0.00
6.59 237.30 0.00 0.00
6.59 237.40 0.00 0.00
6.60 237.50 0.00 0.00
6.60 237.60 0.00 0.00
6.60 237.70 0.00 0.00
6.61 237.80 0.00 0.00
6.61 237.90 0.00 0.00
6.61 238.00 0.00 0.00
6.61 238.10 0.00 0.00
6.62 238.20 0.00 0.00
6.62 238.30 0.00 0.00
6.62 238.40 0.00 0.00
6.62 238.50 0.00 0.00
6.63 238.60 0.00 0.00
6.63 238.70 0.00 0.00
6.63 238.80 0.00 0.00
6.64 238.90 0.00 0.00
6.64 239.00 0.00 0.00
6.64 239.10 0.00 0.00
6.64 239.20 0.00 0.00
6.65 239.30 0.00 0.00
6.65 239.40 0.00 0.00
6.65 239.50 0.00 0.00
6.66 239.60 0.00 0.00
6.66 239.70 0.00 0.00
6.66 239.80 0.00 0.00
6.66 239.90 0.00 0.00
6.67 240.00 0.00 0.00
6.67 240.10 0.00 0.00
6.67 240.20 0.00 0.00
6.67 240.30 0.00 0.00
6.68 240.40 0.00 0.00
6.68 240.50 0.00 0.00
6.68 240.60 0.00 0.00
6.69 240.70 0.00 0.00
6.69 240.80 0.00 0.00
6.69 240.90 0.00 0.00
6.69 241.00 0.00 0.00
6.70 241.10 0.00 0.00
6.70 241.20 0.00 0.00
6.70 241.30 0.00 0.00
6.71 241.40 0.00 0.00
6.71 241.50 0.00 0.00
6.71 241.60 0.00 0.00
6.71 241.70 0.00 0.00
6.72 241.80 0.00 0.00
6.72 241.90 0.00 0.00
6.72 242.00 0.00 0.00
6.73 242.10 0.00 0.00
6.73 242.20 0.00 0.00
6.73 242.30 0.00 0.00
6.73 242.40 0.00 0.00
6.74 242.50 0.00 0.00
6.74 242.60 0.00 0.00
6.74 242.70 0.00 0.00
6.74 242.80 0.00 0.00
6.75 242.90 0.00 0.00
6.75 243.00 0.00 0.00
6.75 243.10 0.00 0.00
6.76 243.20 0.00 0.00
6.76 243.30 0.00 0.00
6.76 243.40 0.00 0.00
6.76 243.50 0.00 0.00
6.77 243.60 0.00 0.00
6.77 243.70 0.00 0.00
6.77 243.80 0.00 0.00
6.78 243.90 0.00 0.00
6.78 244.00 0.00 0.00
6.78 244.10 0.00 0.00
6.78 244.20 0.00 0.00
6.79 244.30 0.00 0.00
6.79 244.40 0.00 0.00
6.79 244.50 0.00 0.00
6.79 244.60 0.00 0.00
6.80 244.70 0.00 0.00
6.80 244.80 0.00 0.00
6.80 244.90 0.00 0.00
6.81 245.00 0.00 0.00
6.81 245.10 0.00 0.00
6.81 245.20 0.00 0.00
6.81 245.30 0.00 0.00
6.82 245.40 0.00 0.00
6.82 245.50 0.00 0.00
6.82 245.60 0.00 0.00
6.83 245.70 0.00 0.00
6.83 245.80 0.00 0.00
6.83 245.90 0.00 0.00
6.83 246.00 0.00 0.00
6.84 246.10 0.00 0.00
6.84 246.20 0.00 0.00
6.84 246.30 0.00 0.00
6.84 246.40 0.00 0.00
6.85 246.50 0.00 0.00
6.85 246.60 0.00 0.00
6.85 246.70 0.00 0.00
6.86 246.80 0.00 0.00
6.86 246.90 0.00 0.00
6.86 247.00 0.00 0.00
6.86 247.10 0.00 0.00
6.87 247.20 0.00 0.00
6.87 247.30 0.00 0.00
6.87 247.40 0.00 0.00
6.88 247.50 0.00 0.00
6.88 247.60 0.00 0.00
6.88 247.70 0.00 0.00
6.88 247.80 0.00 0.00
6.89 247.90 0.00 0.00
6.89 248.00 0.00 0.00
6.89 248.10 0.00 0.00
6.89 248.20 0.00 0.00
6.90 248.30 0.00 0.00
6.90 248.40 0.00 0.00
6.90 248.50 0.00 0.00
6.91 248.60 0.00 0.00
6.91 248.70 0.00 0.00
6.91 248.80 0.00 0.00
6.91 248.90 0.00 0.00
6.92 249.00 0.00 0.00
6.92 249.10 0.00 0.00
6.92 249.20 0.00 0.00
6.92 249.30 0.00 0.00
6.93 249.40 0.00 0.00
6.93 249.50 0.00 0.00
6.93 249.60 0.00 0.00
6.94 249.70 0.00 0.00
6.94 249.80 0.00 0.00
6.94 249.90 0.00 0.00
6.94 250.00 0.00 0.00
6.95 250.10 0.00 0.00
6.95 250.20 0.00 0.00
6.95 250.30 0.00 0.00
6.96 250.40 0.00 0.00
6.96 250.50 0.00 0.00
6.96 250.60 0.00 0.00
6.96 250.70 0.00 0.00
6.97 250.80 0.00 0.00
6.97 250.90 0.00 0.00
6.97 251.00 0.00 0.00
6.98 251.10 0.00 0.00
6.98 251.20 0.00 0.00
6.98 251.30 0.00 0.00
6.98 251.40 0.00 0.00
6.99 251.50 0.00 0.00
6.99 251.60 0.00 0.00
6.99 251.70 0.00 0.00
6.99 251.80 0.00 0.00
7.00 251.90 0.00 0.00
7.00 252.00 0.00 0.00
7.00 252.10 0.00 0.00
7.01 252.20 0.00 0.00
7.01 252.30 0.00 0.00
7.01 252.40 0.00 0.00
7.01 252.50 0.00 0.00
7.02 252.60 0.00 0.00
7.02 252.70 0.00 0.00
7.02 252.80 0.00 0.00
7.03 252.90 0.00 0.00
7.03 253.00 0.00 0.00
7.03 253.10 0.00 0.00
7.03 253.20 0.00 0.00
7.04 253.30 0.00 0.00
7.04 253.40 0.00 0.00
7.04 253.50 0.00 0.00
7.04 253.60 0.00 0.00
7.05 253.70 0.00 0.00
7.05 253.80 0.00 0.00
7.05 253.90 0.00 0.00
7.06 254.00 0.00 0.00
7.06 254.10 0.00 0.00
7.06 254.20 0.00 0.00
7.06 254.30 0.00 0.00
7.07 254.40 0.00 0.00
7.07 254.50 0.00 0.00
7.07 254.60 0.00 0.00
7.08 254.70 0.00 0.00
7.08 254.80 0.00 0.00
7.08 254.90 0.00 0.00
7.08 255.00 0.00 0.00
7.09 255.10 0.00 0.00
7.09 255.20 0.00 0.00
7.09 255.30 0.00 0.00
7.09 255.40 0.00 0.00
7.10 255.50 0.00 0.00
7.10 255.60 0.00 0.00
7.10 255.70 0.00 0.00
7.11 255.80 0.00 0.00
7.11 255.90 0.00 0.00
7.11 256.00 0.00 0.00
7.11 256.10 0.00 0.00
7.12 256.20 0.00 0.00
7.12 256.30 0.00 0.00
7.12 256.40 0.00 0.00
7.12 256.50 0.00 0.00
7.13 256.60 0.00 0.00
7.13 256.70 0.00 0.00
7.13 256.80 0.00 0.00
7.14 256.90 0.00 0.00
7.14 257.00 0.00 0.00
7.14 257.10 0.00 0.00
7.14 257.20 0.00 0.00
7.15 257.30 0.00 0.00
7.15 257.40 0.00 0.00
7.15 257.50 0.00 0.00
7.16 257.60 0.00 0.00
7.16 257.70 0.00 0.00
7.16 257.80 0.00 0.00
7.16 257.90 0.00 0.00
7.17 258.00 0.00 0.00
7.17 258.10 0.00 0.00
7.17 258.20 0.00 0.00
7.18 258.30 0.00 0.00
7.18 258.40 0.00 0.00
7.18 258.50 0.00 0.00
7.18 258.60 0.00 0.00
7.19 258.70 0.00 0.00
7.19 258.80 0.00 0.00
7.19 258.90 0.00 0.00
7.19 259.00 0.00 0.00
7.20 259.10 0.00 0.00
7.20 259.20 0.00 0.00
7.20 259.30 0.00 0.00
7.21 259.40 0.00 0.00
7.21 259.50 0.00 0.00
7.21 259.60 0.00 0.00
7.21 259.70 0.00 0.00
7.22 259.80 0.00 0.00
7.22 259.90 0.00 0.00
7.22 260.00 0.00 0.00
7.23 260.10 0.00 0.00
7.23 260.20 0.00 0.00
7.23 260.30 0.00 0.00
7.23 260.40 0.00 0.00
7.24 260.50 0.00 0.00
7.24 260.60 0.00 0.00
7.24 260.70 0.00 0.00
7.24 260.80 0.00 0.00
7.25 260.90 0.00 0.00
7.25 261.00 0.00 0.00
7.25 261.10 0.00 0.00
7.26 261.20 0.00 0.00
7.26 261.30 0.00 0.00
7.26 261.40 0.00 0.00
7.26 261.50 0.00 0.00
7.27 261.60 0.00 0.00
7.27 261.70 0.00 0.00
7.27 261.80 0.00 0.00
7.28 261.90 0.00 0.00
7.28 262.00 0.00 0.00
7.28 262.10 0.00 0.00
7.28 262.20 0.00 0.00
7.29 262.30 0.00 0.00
7.29 262.40 0.00 0.00
7.29 262.50 0.00 0.00
7.29 262.60 0.00 0.00
7.30 262.70 0.00 0.00
7.30 262.80 0.00 0.00
7.30 262.90 0.00 0.00
7.31 263.00 0.00 0.00
7.31 263.10 0.00 0.00
7.31 263.20 0.00 0.00
7.31 263.30 0.00 0.00
7.32 263.40 0.00 0.00
7.32 263.50 0.00 0.00
7.32 263.60 0.00 0.00
7.33 263.70 0.00 0.00
7.33 263.80 0.00 0.00
7.33 263.90 0.00 0.00
7.33 264.00 0.00 0.00
7.34 264.10 0.00 0.00
7.34 264.20 0.00 0.00
7.34 264.30 0.00 0.00
7.34 264.40 0.00 0.00
7.35 264.50 0.00 0.00
7.35 264.60 0.00 0.00
7.35 264.70 0.00 0.00
7.36 264.80 0.00 0.00
7.36 264.90 0.00 0.00
7.36 265.00 0.00 0.00
7.36 265.10 0.00 0.00
7.37 265.20 0.00 0.00
7.37 265.30 0.00 0.00
7.37 265.40 0.00 0.00
7.38 265.50 0.00 0.00
7.38 265.60 0.00 0.00
7.38 265.70 0.00 0.00
7.38 265.80 0.00 0.00
7.39 265.90 0.00 0.00
7.39 266.00 0.00 0.00
7.39 266.10 0.00 0.00
7.39 266.20 0.00 0.00
7.40 266.30 0.00 0.00
7.40 266.40 0.00 0.00
7.40 266.50 0.00 0.00
7.41 266.60 0.00 0.00
7.41 266.70 0.00 0.00
7.41 266.80 0.00 0.00
7.41 266.90 0.00 0.00
7.42 267.00 0.00 0.00
7.42 267.10 0.00 0.00
7.42 267.20 0.00 0.00
7.43 267.30 0.00 0.00
7.43 267.40 0.00 0.00
7.43 267.50 0.00 0.00
7.43 267.60 0.00 0.00
7.44 267.70 0.00 0.00
7.44 267.80 0.00 0.00
7.44 267.90 0.00 0.00
7.44 268.00 0.00 0.00
7.45 268.10 0.00 0.00
7.45 268.20 0.00 0.00
7.45 268.30 0.00 0.00
7.46 268.40 0.00 0.00
7.46 268.50 0.00 0.00
7.46 268.60 0.00 0.00
7.46 268.70 0.00 0.00
7.47 268.80 0.00 0.00
7.47 268.90 0.00 0.00
7.47 269.00 0.00 0.00
7.48 269.10 0.00 0.00
7.48 269.20 0.00 0.00
7.48 269.30 0.00 0.00
7.48 269.40 0.00 0.00
7.49 269.50 0.00 0.00
7.49 269.60 0.00 0.00
7.49 269.70 0.00 0.00
7.49 269.80 0.00 0.00
7.50 269.90 0.00 0.00
7.50 270.00 0.00 0.00
7.50 270.10 0.00 0.00
7.51 270.20 0.00 0.00
7.51 270.30 0.00 0.00
7.51 270.40 0.00 0.00
7.51 270.50 0.00 0.00
7.52 270.60 0.00 0.00
7.52 270.70 0.00 0.00
7.52 270.80 0.00 0.00
7.53 270.90 0.00 0.00
7.53 271.00 0.00 0.00
7.53 271.10 0.00 0.00
7.53 271.20 0.00 0.00
7.54 271.30 0.00 0.00
7.54 271.40 0.00 0.00
7.54 271.50 0.00 0.00
7.54 271.60 0.00 0.00
7.55 271.70 0.00 0.00
7.55 271.80 0.00 0.00
7.55 271.90 0.00 0.00
7.56 272.00 0.00 0.00
7.56 272.10 0.00 0.00
7.56 272.20 0.00 0.00
7.56 272.30 0.00 0.00
7.57 272.40 0.00 0.00
7.57 272.50 0.00 0.00
7.57 272.60 0.00 0.00
7.58 272.70 0.00 0.00
7.58 272.80 0.00 0.00
7.58 272.90 0.00 0.00
7.58 273.00 0.00 0.00
7.59 273.10 0.00 0.00
7.59 273.20 0.00 0.00
7.59 273.30 0.00 0.00
7.59 273.40 0.00 0.00
7.60 273.50 0.00 0.00
7.60 273.60 0.00 0.00
7.60 273.70 0.00 0.00
7.61 273.80 0.00 0.00
7.61 273.90 0.00 0.00
7.61 274.00 0.00 0.00
7.61 274.10 0.00 0.00
7.62 274.20 0.00 0.00
7.62 274.30 0.00 0.00
7.62 274.40 0.00 0.00
7.62 274.50 0.00 0.00
7.63 274.60 0.00 0.00
7.63 274.70 0.00 0.00
7.63 274.80 0.00 0.00
7.64 274.90 0.00 0.00
7.64 275.00 0.00 0.00
7.64 275.10 0.00 0.00
7.64 275.20 0.00 0.00
7.65 275.30 0.00 0.00
7.65 275.40 0.00 0.00
7.65 275.50 0.00 0.00
7.66 275.60 0.00 0.00
7.66 275.70 0.00 0.00
7.66 275.80 0.00 0.00
7.66 275.90 0.00 0.00
7.67 276.00 0.00 0.00
7.67 276.10 0.00 0.00
7.67 276.20 0.00 0.00
7.68 276.30 0.00 0.00
7.68 276.40 0.00 0.00
7.68 276.50 0.00 0.00
7.68 276.60 0.00 0.00
7.69 276.70 0.00 0.00
7.69 276.80 0.00 0.00
7.69 276.90 0.00 0.00
7.69 277.00 0.00 0.00
7.70 277.10 0.00 0.00
7.70 277.20 0.00 0.00
7.70 277.30 0.00 0.00
7.71 277.40 0.00 0.00
7.71 277.50 0.00 0.00
7.71 277.60 0.00 0.00
7.71 277.70 0.00 0.00
7.72 277.80 0.00 0.00
7.72 277.90 0.00 0.00
7.72 278.00 0.00 0.00
7.73 278.10 0.00 0.00
7.73 278.20 0.00 0.00
7.73 278.30 0.00 0.00
7.73 278.40 0.00 0.00
7.74 278.50 0.00 0.00
7.74 278.60 0.00 0.00
7.74 278.70 0.00 0.00
7.74 278.80 0.00 0.00
7.75 278.90 0.00 0.00
7.75 279.00 0.00 0.00
7.75 279.10 0.00 0.00
7.76 279.20 0.00 0.00
7.76 279.30 0.00 0.00
7.76 279.40 0.00 0.00
7.76 279.50 0.00 0.00
7.77 279.60 0.00 0.00
7.77 279.70 0.00 0.00
7.77 279.80 0.00 0.00
7.78 279.90 0.00 0.00
7.78 280.00 0.00 0.00
7.78 280.10 0.00 0.00
7.78 280.20 0.00 0.00
7.79 280.30 0.00 0.00
7.79 280.40 0.00 0.00
7.79 280.50 0.00 0.00
7.79 280.60 0.00 0.00
7.80 280.70 0.00 0.00
7.80 280.80 0.00 0.00
7.80 280.90 0.00 0.00
7.81 281.00 0.00 0.00
7.81 281.10 0.00 0.00
7.81 281.20 0.00 0.00
7.81 281.30 0.00 0.00
7.82 281.40 0.00 0.00
7.82 281.50 0.00 0.00
7.82 281.60 0.00 0.00
7.83 281.70 0.00 0.00
7.83 281.80 0.00 0.00
7.83 281.90 0.00 0.00
7.83 282.00 0.00 0.00
7.84 282.10 0.00 0.00
7.84 282.20 0.00 0.00
7.84 282.30 0.00 0.00
7.84 282.40 0.00 0.00
7.85 282.50 0.00 0.00
7.85 282.60 0.00 0.00
7.85 282.70 0.00 0.00
7.86 282.80 0.00 0.00
7.86 282.90 0.00 0.00
7.86 283.00 0.00 0.00
7.86 283.10 0.00 0.00
7.87 283.20 0.00 0.00
7.87 283.30 0.00 0.00
7.87 283.40 0.00 0.00
7.88 283.50 0.00 0.00
7.88 283.60 0.00 0.00
7.88 283.70 0.00 0.00
7.88 283.80 0.00 0.00
7.89 283.90 0.00 0.00
7.89 284.00 0.00 0.00
7.89 284.10 0.00 0.00
7.89 284.20 0.00 0.00
7.90 284.30 0.00 0.00
7.90 284.40 0.00 0.00
7.90 284.50 0.00 0.00
7.91 284.60 0.00 0.00
7.91 284.70 0.00 0.00
7.91 284.80 0.00 0.00
7.91 284.90 0.00 0.00
7.92 285.00 0.00 0.00
7.92 285.10 0.00 0.00
7.92 285.20 0.00 0.00
7.93 285.30 0.00 0.00
7.93 285.40 0.00 0.00
7.93 285.50 0.00 0.00
7.93 285.60 0.00 0.00
7.94 285.70 0.00 0.00
7.94 285.80 0.00 0.00
7.94 285.90 0.00 0.00
7.94 286.00 0.00 0.00
7.95 286.10 0.00 0.00
7.95 286.20 0.00 0.00
7.95 286.30 0.00 0.00
7.96 286.40 0.00 0.00
7.96 286.50 0.00 0.00
7.96 286.60 0.00 0.00
7.96 286.70 0.00 0.00
7.97 286.80 0.00 0.00
7.97 286.90 0.00 0.00
7.97 287.00 0.00 0.00
7.98 287.10 0.00 0.00
7.98 287.20 0.00 0.00
7.98 287.30 0.00 0.00
7.98 287.40 0.00 0.00
7.99 287.50 0.00 0.00
7.99 287.60 0.00 0.00
7.99 287.70 0.00 0.00
7.99 287.80 0.00 0.00
8.00 287.90 0.00 0.00
8.00 288.00 0.00 0.00
8.00 288.10 0.00 0.00
8.01 288.20 0.00 0.00
8.01 288.30 0.00 0.00
8.01 288.40 0.00 0.00
8.01 288.50 0.00 0.00
8.02 288.60 0.00 0.00
8.02 288.70 0.00 0.00
8.02 288.80 0.00 0.00
8.03 288.90 0.00 0.00
8.03 289.00 0.00 0.00
8.03 289.10 0.00 0.00
8.03 289.20 0.00 0.00
8.04 289.30 0.00 0.00
8.04 289.40 0.00 0.00
8.04 289.50 0.00 0.00
8.04 289.60 0.00 0.00
8.05 289.70 0.00 0.00
8.05 289.80 0.00 0.00
8.05 289.90 0.00 0.00
8.06 290.00 0.00 0.00
8.06 290.10 0.00 0.00
8.06 290.20 0.00 0.00
8.06 290.30 0.00 0.00
8.07 290.40 0.00 0.00
8.07 290.50 0.00 0.00
8.07 290.60 0.00 0.00
8.08 290.70 0.00 0.00
8.08 290.80 0.00 0.00
8.08 290.90 0.00 0.00
8.08 291.00 0.00 0.00
8.09 291.10 0.00 0.00
8.09 291.20 0.00 0.00
8.09 291.30 0.00 0.00
8.09 291.40 0.00 0.00
8.10 291.50 0.00 0.00
8.10 291.60 0.00 0.00
8.10 291.70 0.00 0.00
8.11 291.80 0.00 0.00
8.11 291.90 0.00 0.00
8.11 292.00 0.00 0.00
8.11 292.10 0.00 0.00
8.12 292.20 0.00 0.00
8.12 292.30 0.00 0.00
8.12 292.40 0.00 0.00
8.12 292.50 0.00 0.00
8.13 292.60 0.00 0.00
8.13 292.70 0.00 0.00
8.13 292.80 0.00 0.00
8.14 292.90 0.00 0.00
8.14 293.00 0.00 0.00
8.14 293.10 0.00 0.00
8.14 293.20 0.00 0.00
8.15 293.30 0.00 0.00
8.15 293.40 0.00 0.00
8.15 293.50 0.00 0.00
8.16 293.60 0.00 0.00
8.16 293.70 0.00 0.00
8.16 293.80 0.00 0.00
8.16 293.90 0.00 0.00
8.17 294.00 0.00 0.00
8.17 294.10 0.00 0.00
8.17 294.20 0.00 0.00
8.18 294.30 0.00 0.00
8.18 294.40 0.00 0.00
8.18 294.50 0.00 0.00
8.18 294.60 0.00 0.00
8.19 294.70 0.00 0.00
8.19 294.80 0.00 0.00
8.19 294.90 0.00 0.00
8.19 295.00 0.00 0.00
8.20 295.10 0.00 0.00
8.20 295.20 0.00 0.00
8.20 295.30 0.00 0.00
8.21 295.40 0.00 0.00
8.21 295.50 0.00 0.00
8.21 295.60 0.00 0.00
8.21 295.70 0.00 0.00
8.22 295.80 0.00 0.00
8.22 295.90 0.00 0.00
8.22 296.00 0.00 0.00
8.22 296.10 0.00 0.00
8.23 296.20 0.00 0.00
8.23 296.30 0.00 0.00
8.23 296.40 0.00 0.00
8.24 296.50 0.00 0.00
8.24 296.60 0.00 0.00
8.24 296.70 0.00 0.00
8.24 296.80 0.00 0.00
8.25 296.90 0.00 0.00
8.25 297.00 0.00 0.00
8.25 297.10 0.00 0.00
8.26 297.20 0.00 0.00
8.26 297.30 0.00 0.00
8.26 297.40 0.00 0.00
8.26 297.50 0.00 0.00
8.27 297.60 0.00 0.00
8.27 297.70 0.00 0.00
8.27 297.80 0.00 0.00
8.28 297.90 0.00 0.00
8.28 298.00 0.00 0.00
8.28 298.10 0.00 0.00
8.28 298.20 0.00 0.00
8.29 298.30 0.00 0.00
8.29 298.40 0.00 0.00
8.29 298.50 0.00 0.00
8.29 298.60 0.00 0.00
8.30 298.70 0.00 0.00
8.30 298.80 0.00 0.00
8.30 298.90 0.00 0.00
8.31 299.00 0.00 0.00
8.31 299.10 0.00 0.00
8.31 299.20 0.00 0.00
8.31 299.30 0.00 0.00
8.32 299.40 0.00 0.00
8.32 299.50 0.00 0.00
8.32 299.60 0.00 0.00
8.33 299.70 0.00 0.00
8.33 299.80 0.00 0.00
8.33 299.90 0.00 0.00
8.33 300.00 0.00 0.00
8.34 300.10 0.00 0.00
8.34 300.20 0.00 0.00
8.34 300.30 0.00 0.00
8.34 300.40 0.00 0.00
8.35 300.50 0.00 0.00
8.35 300.60 0.00 0.00
8.35 300.70 0.00 0.00
8.36 300.80 0.00 0.00
8.36 300.90 0.00 0.00
8.36 301.00 0.00 0.00
8.36 301.10 0.00 0.00
8.37 301.20 0.00 0.00
8.37 301.30 0.00 0.00
8.37 301.40 0.00 0.00
8.38 301.50 0.00 0.00
8.38 301.60 0.00 0.00
8.38 301.70 0.00 0.00
8.38 301.80 0.00 0.00
8.39 301.90 0.00 0.00
8.39 302.00 0.00 0.00
8.39 302.10 0.00 0.00
8.39 302.20 0.00 0.00
8.40 302.30 0.00 0.00
8.40 302.40 0.00 0.00
8.40 302.50 0.00 0.00
8.41 302.60 0.00 0.00
8.41 302.70 0.00 0.00
8.41 302.80 0.00 0.00
8.41 302.90 0.00 0.00
8.42 303.00 0.00 0.00
8.42 303.10 0.00 0.00
8.42 303.20 0.00 0.00
8.43 303.30 0.00 0.00
8.43 303.40 0.00 0.00
8.43 303.50 0.00 0.00
8.43 303.60 0.00 0.00
8.44 303.70 0.00 0.00
8.44 303.80 0.00 0.00
8.44 303.90 0.00 0.00
8.44 304.00 0.00 0.00
8.45 304.10 0.00 0.00
8.45 304.20 0.00 0.00
8.45 304.30 0.00 0.00
8.46 304.40 0.00 0.00
8.46 304.50 0.00 0.00
8.46 304.60 0.00 0.00
8.46 304.70 0.00 0.00
8.47 304.80 0.00 0.00
8.47 304.90 0.00 0.00
8.47 305.00 0.00 0.00
8.47 305.10 0.00 0.00
8.48 305.20 0.00 0.00
8.48 305.30 0.00 0.00
8.48 305.40 0.00 0.00
8.49 305.50 0.00 0.00
8.49 305.60 0.00 0.00
8.49 305.70 0.00 0.00
8.49 305.80 0.00 0.00
8.50 305.90 0.00 0.00
8.50 306.00 0.00 0.00
8.50 306.10 0.00 0.00
8.51 306.20 0.00 0.00
8.51 306.30 0.00 0.00
8.51 306.40 0.00 0.00
8.51 306.50 0.00 0.00
8.52 306.60 0.00 0.00
8.52 306.70 0.00 0.00
8.52 306.80 0.00 0.00
8.53 306.90 0.00 0.00
8.53 307.00 0.00 0.00
8.53 307.10 0.00 0.00
8.53 307.20 0.00 0.00
8.54 307.30 0.00 0.00
8.54 307.40 0.00 0.00
8.54 307.50 0.00 0.00
8.54 307.60 0.00 0.00
8.55 307.70 0.00 0.00
8.55 307.80 0.00 0.00
8.55 307.90 0.00 0.00
8.56 308.00 0.00 0.00
8.56 308.10 0.00 0.00
8.56 308.20 0.00 0.00
8.56 308.30 0.00 0.00
8.57 308.40 0.00 0.00
8.57 308.50 0.00 0.00
8.57 308.60 0.00 0.00
8.58 308.70 0.00 0.00
8.58 308.80 0.00 0.00
8.58 308.90 0.00 0.00
8.58 309.00 0.00 0.00
8.59 309.10 0.00 0.00
8.59 309.20 0.00 0.00
8.59 309.30 0.00 0.00
8.59 309.40 0.00 0.00
8.60 309.50 0.00 0.00
8.60 309.60 0.00 0.00
8.60 309.70 0.00 0.00
8.61 309.80 0.00 0.00
8.61 309.90 0.00 0.00
8.61 310.00 0.00 0.00
8.61 310.10 0.00 0.00
8.62 310.20 0.00 0.00
8.62 310.30 0.00 0.00
8.62 310.40 0.00 0.00
8.62 310.50 0.00 0.00
8.63 310.60 0.00 0.00
8.63 310.70 0.00 0.00
8.63 310.80 0.00 0.00
8.64 310.90 0.00 0.00
8.64 311.00 0.00 0.00
8.64 311.10 0.00 0.00
8.64 311.20 0.00 0.00
8.65 311.30 0.00 0.00
8.65 311.40 0.00 0.00
8.65 311.50 0.00 0.00
8.66 311.60 0.00 0.00
8.66 311.70 0.00 0.00
8.66 311.80 0.00 0.00
8.66 311.90 0.00 0.00
8.67 312.00 0.00 0.00
8.67 312.10 0.00 0.00
8.67 312.20 0.00 0.00
8.68 312.30 0.00 0.00
8.68 312.40 0.00 0.00
8.68 312.50 0.00 0.00
8.68 312.60 0.00 0.00
8.69 312.70 0.00 0.00
8.69 312.80 0.00 0.00
8.69 312.90 0.00 0.00
8.69 313.00 0.00 0.00
8.70 313.10 0.00 0.00
8.70 313.20 0.00 0.00
8.70 313.30 0.00 0.00
8.71 313.40 0.00 0.00
8.71 313.50 0.00 0.00
8.71 313.60 0.00 0.00
8.71 313.70 0.00 0.00
8.72 313.80 0.00 0.00
8.72 313.90 0.00 0.00
8.72 314.00 0.00 0.00
8.72 314.10 0.00 0.00
8.73 314.20 0.00 0.00
8.73 314.30 0.00 0.00
8.73 314.40 0.00 0.00
8.74 314.50 0.00 0.00
8.74 314.60 0.00 0.00
8.74 314.70 0.00 0.00
8.74 314.80 0.00 0.00
8.75 314.90 0.00 0.00
8.75 315.00 0.00 0.00
8.75 315.10 0.00 0.00
8.76 315.20 0.00 0.00
8.76 315.30 0.00 0.00
8.76 315.40 0.00 0.00
8.76 315.50 0.00 0.00
8.77 315.60 0.00 0.00
8.77 315.70 0.00 0.00
8.77 315.80 0.00 0.00
8.78 315.90 0.00 0.00
8.78 316.00 0.00 0.00
8.78 316.10 0.00 0.00
8.78 316.20 0.00 0.00
8.79 316.30 0.00 0.00
8.79 316.40 0.00 0.00
8.79 316.50 0.00 0.00
8.79 316.60 0.00 0.00
8.80 316.70 0.00 0.00
8.80 316.80 0.00 0.00
8.80 316.90 0.00 0.00
8.81 317.00 0.00 0.00
8.81 317.10 0.00 0.00
8.81 317.20 0.00 0.00
8.81 317.30 0.00 0.00
8.82 317.40 0.00 0.00
8.82 317.50 0.00 0.00
8.82 317.60 0.00 0.00
8.83 317.70 0.00 0.00
8.83 317.80 0.00 0.00
8.83 317.90 0.00 0.00
8.83 318.00 0.00 0.00
8.84 318.10 0.00 0.00
8.84 318.20 0.00 0.00
8.84 318.30 0.00 0.00
8.84 318.40 0.00 0.00
8.85 318.50 0.00 0.00
8.85 318.60 0.00 0.00
8.85 318.70 0.00 0.00
8.86 318.80 0.00 0.00
8.86 318.90 0.00 0.00
8.86 319.00 0.00 0.00
8.86 319.10 0.00 0.00
8.87 319.20 0.00 0.00
8.87 319.30 0.00 0.00
8.87 319.40 0.00 0.00
8.88 319.50 0.00 0.00
8.88 319.60 0.00 0.00
8.88 319.70 0.00 0.00
8.88 319.80 0.00 0.00
8.89 319.90 0.00 0.00
8.89 320.00 0.00 0.00
8.89 320.10 0.00 0.00
8.89 320.20 0.00 0.00
8.90 320.30 0.00 0.00
8.90 320.40 0.00 0.00
8.90 320.50 0.00 0.00
8.91 320.60 0.00 0.00
8.91 320.70 0.00 0.00
8.91 320.80 0.00 0.00
8.91 320.90 0.00 0.00
8.92 321.00 0.00 0.00
8.92 321.10 0.00 0.00
8.92 321.20 0.00 0.00
8.93 321.30 0.00 0.00
8.93 321.40 0.00 0.00
8.93 321.50 0.00 0.00
8.93 321.60 0.00 0.00
8.94 321.70 0.00 0.00
8.94 321.80 0.00 0.00
8.94 321.90 0.00 0.00
8.94 322.00 0.00 0.00
8.95 322.10 0.00 0.00
8.95 322.20 0.00 0.00
8.95 322.30 0.00 0.00
8.96 322.40 0.00 0.00
8.96 322.50 0.00 0.00
8.96 322.60 0.00 0.00
8.96 322.70 0.00 0.00
8.97 322.80 0.00 0.00
8.97 322.90 0.00 0.00
8.97 323.00 0.00 0.00
8.97 323.10 0.00 0.00
8.98 323.20 0.00 0.00
8.98 323.30 0.00 0.00
8.98 323.40 0.00 0.00
8.99 323.50 0.00 0.00
8.99 323.60 0.00 0.00
8.99 323.70 0.00 0.00
8.99 323.80 0.00 0.00
9.00 323.90 0.00 0.00
9.00 324.00 0.00 0.00
9.00 324.10 0.00 0.00
9.01 324.20 0.00 0.00
9.01 324.30 0.00 0.00
9.01 324.40 0.00 0.00
9.01 324.50 0.00 0.00
9.02 324.60 0.00 0.00
9.02 324.70 0.00 0.00
9.02 324.80 0.00 0.00
9.03 324.90 0.00 0.00
9.03 325.00 0.00 0.00
9.03 325.10 0.00 0.00
9.03 325.20 0.00 0.00
9.04 325.30 0.00 0.00
9.04 325.40 0.00 0.00
9.04 325.50 0.00 0.00
9.04 325.60 0.00 0.00
9.05 325.70 0.00 0.00
9.05 325.80 0.00 0.00
9.05 325.90 0.00 0.00
9.06 326.00 0.00 0.00
9.06 326.10 0.00 0.00
9.06 326.20 0.00 0.00
9.06 326.30 0.00 0.00
9.07 326.40 0.00 0.00
9.07 326.50 0.00 0.00
9.07 326.60 0.00 0.00
9.08 326.70 0.00 0.00
9.08 326.80 0.00 0.00
9.08 326.90 0.00 0.00
9.08 327.00 0.00 0.00
9.09 327.10 0.00 0.00
9.09 327.20 0.00 0.00
9.09 327.30 0.00 0.00
9.09 327.40 0.00 0.00
9.10 327.50 0.00 0.00
9.10 327.60 0.00 0.00
9.10 327.70 0.00 0.00
9.11 327.80 0.00 0.00
9.11 327.90 0.00 0.00
9.11 328.00 0.00 0.00
9.11 328.10 0.00 0.00
9.12 328.20 0.00 0.00
9.12 328.30 0.00 0.00
9.12 328.40 0.00 0.00
9.12 328.50 0.00 0.00
9.13 328.60 0.00 0.00
9.13 328.70 0.00 0.00
9.13 328.80 0.00 0.00
9.14 328.90 0.00 0.00
9.14 329.00 0.00 0.00
9.14 329.10 0.00 0.00
9.14 329.20 0.00 0.00
9.15 329.30 0.00 0.00
9.15 329.40 0.00 0.00
9.15 329.50 0.00 0.00
9.16 329.60 0.00 0.00
9.16 329.70 0.00 0.00
9.16 329.80 0.00 0.00
9.16 329.90 0.00 0.00
9.17 330.00 0.00 0.00
9.17 330.10 0.00 0.00
9.17 330.20 0.00 0.00
9.18 330.30 0.00 0.00
9.18 330.40 0.00 0.00
9.18 330.50 0.00 0.00
9.18 330.60 0.00 0.00
9.19 330.70 0.00 0.00
9.19 330.80 0.00 0.00
9.19 330.90 0.00 0.00
9.19 331.00 0.00 0.00
9.20 331.10 0.00 0.00
9.20 331.20 0.00 0.00
9.20 331.30 0.00 0.00
9.21 331.40 0.00 0.00
9.21 331.50 0.00 0.00
9.21 331.60 0.00 0.00
9.21 331.70 0.00 0.00
9.22 331.80 0.00 0.00
9.22 331.90 0.00 0.00
9.22 332.00 0.00 0.00
9.22 332.10 0.00 0.00
9.23 332.20 0.00 0.00
9.23 332.30 0.00 0.00
9.23 332.40 0.00 0.00
9.24 332.50 0.00 0.00
9.24 332.60 0.00 0.00
9.24 332.70 0.00 0.00
9.24 332.80 0.00 0.00
9.25 332.90 0.00 0.00
9.25 333.00 0.00 0.00
9.25 333.10 0.00 0.00
9.26 333.20 0.00 0.00
9.26 333.30 0.00 0.00
9.26 333.40 0.00 0.00
9.26 333.50 0.00 0.00
9.27 333.60 0.00 0.00
9.27 333.70 0.00 0.00
9.27 333.80 0.00 0.00
9.28 333.90 0.00 0.00
9.28 334.00 0.00 0.00
9.28 334.10 0.00 0.00
9.28 334.20 0.00 0.00
9.29 334.30 0.00 0.00
9.29 334.40 0.00 0.00
9.29 334.50 0.00 0.00
9.29 334.60 0.00 0.00
9.30 334.70 0.00 0.00
9.30 334.80 0.00 0.00
9.30 334.90 0.00 0.00
9.31 335.00 0.00 0.00
9.31 335.10 0.00 0.00
9.31 335.20 0.00 0.00
9.31 335.30 0.00 0.00
9.32 335.40 0.00 0.00
9.32 335.50 0.00 0.00
9.32 335.60 0.00 0.00
9.33 335.70 0.00 0.00
9.33 335.80 0.00 0.00
9.33 335.90 0.00 0.00
9.33 336.00 0.00 0.00
9.34 336.10 0.00 0.00
9.34 336.20 0.00 0.00
9.34 336.30 0.00 0.00
9.34 336.40 0.00 0.00
9.35 336.50 0.00 0.00
9.35 336.60 0.00 0.00
9.35 336.70 0.00 0.00
9.36 336.80 0.00 0.00
9.36 336.90 0.00 0.00
9.36 337.00 0.00 0.00
9.36 337.10 0.00 0.00
9.37 337.20 0.00 0.00
9.37 337.30 0.00 0.00
9.37 337.40 0.00 0.00
9.38 337.50 0.00 0.00
9.38 337.60 0.00 0.00
9.38 337.70 0.00 0.00
9.38 337.80 0.00 0.00
9.39 337.90 0.00 0.00
9.39 338.00 0.00 0.00
9.39 338.10 0.00 0.00
9.39 338.20 0.00 0.00
9.40 338.30 0.00 0.00
9.40 338.40 0.00 0.00
9.40 338.50 0.00 0.00
9.41 338.60 0.00 0.00
9.41 338.70 0.00 0.00
9.41 338.80 0.00 0.00
9.41 338.90 0.00 0.00
9.42 339.00 0.00 0.00
9.42 339.10 0.00 0.00
9.42 339.20 0.00 0.00
9.43 339.30 0.00 0.00
9.43 339.40 0.00 0.00
9.43 339.50 0.00 0.00
9.43 339.60 0.00 0.00
9.44 339.70 0.00 0.00
9.44 339.80 0.00 0.00
9.44 339.90 0.00 0.00
9.44 340.00 0.00 0.00
9.45 340.10 0.00 0.00
9.45 340.20 0.00 0.00
9.45 340.30 0.00 0.00
9.46 340.40 0.00 0.00
9.46 340.50 0.00 0.00
9.46 340.60 0.00 0.00
9.46 340.70 0.00 0.00
9.47 340.80 0.00 0.00
9.47 340.90 0.00 0.00
9.47 341.00 0.00 0.00
9.47 341.10 0.00 0.00
9.48 341.20 0.00 0.00
9.48 341.30 0.00 0.00
9.48 341.40 0.00 0.00
9.49 341.50 0.00 0.00
9.49 341.60 0.00 0.00
9.49 341.70 0.00 0.00
9.49 341.80 0.00 0.00
9.50 341.90 0.00 0.00
9.50 342.00 0.00 0.00
9.50 342.10 0.00 0.00
9.51 342.20 0.00 0.00
9.51 342.30 0.00 0.00
9.51 342.40 0.00 0.00
9.51 342.50 0.00 0.00
9.52 342.60 0.00 0.00
9.52 342.70 0.00 0.00
9.52 342.80 0.00 0.00
9.53 342.90 0.00 0.00
9.53 343.00 0.00 0.00
9.53 343.10 0.00 0.00
9.53 343.20 0.00 0.00
9.54 343.30 0.00 0.00
9.54 343.40 0.00 0.00
9.54 343.50 0.00 0.00
9.54 343.60 0.00 0.00
9.55 343.70 0.00 0.00
9.55 343.80 0.00 0.00
9.55 343.90 0.00 0.00
9.56 344.00 0.00 0.00
9.56 344.10 0.00 0.00
9.56 344.20 0.00 0.00
9.56 344.30 0.00 0.00
9.57 344.40 0.00 0.00
9.57 344.50 0.00 0.00
9.57 344.60 0.00 0.00
9.58 344.70 0.00 0.00
9.58 344.80 0.00 0.00
9.58 344.90 0.00 0.00
9.58 345.00 0.00 0.00
9.59 345.10 0.00 0.00
9.59 345.20 0.00 0.00
9.59 345.30 0.00 0.00
9.59 345.40 0.00 0.00
9.60 345.50 0.00 0.00
9.60 345.60 0.00 0.00
9.60 345.70 0.00 0.00
9.61 345.80 0.00 0.00
9.61 345.90 0.00 0.00
9.61 346.00 0.00 0.00
9.61 346.10 0.00 0.00
9.62 346.20 0.00 0.00
9.62 346.30 0.00 0.00
9.62 346.40 0.00 0.00
9.62 346.50 0.00 0.00
9.63 346.60 0.00 0.00
9.63 346.70 0.00 0.00
9.63 346.80 0.00 0.00
9.64 346.90 0.00 0.00
9.64 347.00 0.00 0.00
9.64 347.10 0.00 0.00
9.64 347.20 0.00 0.00
9.65 347.30 0.00 0.00
9.65 347.40 0.00 0.00
9.65 347.50 0.00 0.00
9.66 347.60 0.00 0.00
9.66 347.70 0.00 0.00
9.66 347.80 0.00 0.00
9.66 347.90 0.00 0.00
9.67 348.00 0.00 0.00
9.67 348.10 0.00 0.00
9.67 348.20 0.00 0.00
9.68 348.30 0.00 0.00
9.68 348.40 0.00 0.00
9.68 348.50 0.00 0.00
9.68 348.60 0.00 0.00
9.69 348.70 0.00 0.00
9.69 348.80 0.00 0.00
9.69 348.90 0.00 0.00
9.69 349.00 0.00 0.00
9.70 349.10 0.00 0.00
9.70 349.20 0.00 0.00
9.70 349.30 0.00 0.00
9.71 349.40 0.00 0.00
9.71 349.50 0.00 0.00
9.71 349.60 0.00 0.00
9.71 349.70 0.00 0.00
9.72 349.80 0.00 0.00
9.72 349.90 0.00 0.00
9.72 350.00 0.00 0.00
9.72 350.10 0.00 0.00
9.73 350.20 0.00 0.00
9.73 350.30 0.00 0.00
9.73 350.40 0.00 0.00
9.74 350.50 0.00 0.00
9.74 350.60 0.00 0.00
9.74 350.70 0.00 0.00
9.74 350.80 0.00 0.00
9.75 350.90 0.00 0.00
9.75 351.00 0.00 0.00
9.75 351.10 0.00 0.00
9.76 351.20 0.00 0.00
9.76 351.30 0.00 0.00
9.76 351.40 0.00 0.00
9.76 351.50 0.00 0.00
9.77 351.60 0.00 0.00
9.77 351.70 0.00 0.00
9.77 351.80 0.00 0.00
9.78 351.90 0.00 0.00
9.78 352.00 0.00 0.00
9.78 352.10 0.00 0.00
9.78 352.20 0.00 0.00
9.79 352.30 0.00 0.00
9.79 352.40 0.00 0.00
9.79 352.50 0.00 0.00
9.79 352.60 0.00 0.00
9.80 352.70 0.00 0.00
9.80 352.80 0.00 0.00
9.80 352.90 0.00 0.00
9.81 353.00 0.00 0.00
9.81 353.10 0.00 0.00
9.81 353.20 0.00 0.00
9.81 353.30 0.00 0.00
9.82 353.40 0.00 0.00
9.82 353.50 0.00 0.00
9.82 353.60 0.00 0.00
9.83 353.70 0.00 0.00
9.83 353.80 0.00 0.00
9.83 353.90 0.00 0.00
9.83 354.00 0.00 0.00
9.84 354.10 0.00 0.00
9.84 354.20 0.00 0.00
9.84 354.30 0.00 0.00
9.84 354.40 0.00 0.00
9.85 354.50 0.00 0.00
9.85 354.60 0.00 0.00
9.85 354.70 0.00 0.00
9.86 354.80 0.00 0.00
9.86 354.90 0.00 0.00
9.86 355.00 0.00 0.00
9.86 355.10 0.00 0.00
9.87 355.20 0.00 0.00
9.87 355.30 0.00 0.00
9.87 355.40 0.00 0.00
9.88 355.50 0.00 0.00
9.88 355.60 0.00 0.00
9.88 355.70 0.00 0.00
9.88 355.80 0.00 0.00
9.89 355.90 0.00 0.00
9.89 356.00 0.00 0.00
9.89 356.10 0.00 0.00
9.89 356.20 0.00 0.00
9.90 356.30 0.00 0.00
9.90 356.40 0.00 0.00
9.90 356.50 0.00 0.00
9.91 356.60 0.00 0.00
9.91 356.70 0.00 0.00
9.91 356.80 0.00 0.00
9.91 356.90 0.00 0.00
9.92 357.00 0.00 0.00
9.92 357.10 0.00 0.00
9.92 357.20 0.00 0.00
9.93 357.30 0.00 0.00
9.93 357.40 0.00 0.00
9.93 357.50 0.00 0.00
9.93 357.60 0.00 0.00
9.94 357.70 0.00 0.00
9.94 357.80 0.00 0.00
9.94 357.90 0.00 0.00
9.94 358.00 0.00 0.00
9.95 358.10 0.00 0.00
9.95 358.20 0.00 0.00
9.95 358.30 0.00 0.00
9.96 358.40 0.00 0.00
9.96 358.50 0.00 0.00
9.96 358.60 0.00 0.00
9.96 358.70 0.00 0.00
9.97 358.80 0.00 0.00
9.97 358.90 0.00 0.00
9.97 359.00 0.00 0.00
9.97 359.10 0.00 0.00
9.98 359.20 0.00 0.00
9.98 359.30 0.00 0.00
9.98 359.40 0.00 0.00
9.99 359.50 0.00 0.00
9.99 359.60 0.00 0.00
9.99 359.70 0.00 0.00
9.99 359.80 0.00 0.00
10.00 359.90 0.00 0.00
10.00 360.00 0.00 0.00
