0.00 0.00 0.00 0.00
0.03 0.03 0.00 0.00
0.06 0.11 0.00 0.00
0.08 0.25 0.00 0.00
0.11 0.44 0.00 0.00
0.14 0.68 0.00 0.00
0.17 0.98 0.00 0.00
0.19 1.34 0.00 0.00
0.22 1.74 0.00 0.00
0.25 2.20 0.00 0.00
0.28 2.71 0.00 0.00
0.31 3.28 0.00 0.00
0.33 3.89 0.00 0.00
0.36 4.55 0.00 0.00
0.39 5.27 0.00 0.00
0.42 6.03 0.00 0.00
0.44 6.84 0.00 0.00
0.47 7.69 0.00 0.00
0.50 8.59 0.00 0.00
0.53 9.54 0.00 0.00
0.56 10.53 0.00 0.00
0.58 11.56 0.00 0.00
0.61 12.63 0.00 0.00
0.64 13.74 0.00 0.00
0.67 14.89 0.00 0.00
0.69 16.07 0.00 0.00
0.72 17.30 0.00 0.00
0.75 18.55 0.00 0.00
0.78 19.84 0.00 0.00
0.81 21.15 0.00 0.00
0.83 22.50 0.00 0.00
0.86 23.87 0.00 0.00
0.89 25.27 0.00 0.00
0.92 26.70 0.00 0.00
0.94 28.14 0.00 0.00
0.97 29.61 0.00 0.00
1.00 31.09 0.00 0.00
1.03 32.60 0.00 0.00
1.06 34.11 0.00 0.00
1.08 35.64 0.00 0.00
1.11 37.19 0.00 0.00
1.14 38.74 0.00 0.00
1.17 40.30 0.00 0.00
1.19 41.86 0.00 0.00
1.22 43.43 0.00 0.00
1.25 45.00 0.00 0.00
1.28 46.57 0.00 0.00
1.31 48.14 0.00 0.00
1.33 49.70 0.00 0.00
1.36 51.26 0.00 0.00
1.39 52.81 0.00 0.00
1.42 54.36 0.00 0.00
1.44 55.89 0.00 0.00
1.47 57.40 0.00 0.00
1.50 58.91 0.00 0.00
1.53 60.39 0.00 0.00
1.56 61.86 0.00 0.00
1.58 63.30 0.00 0.00
1.61 64.73 0.00 0.00
1.64 66.13 0.00 0.00
1.67 67.50 0.00 0.00
1.69 68.85 0.00 0.00
1.72 70.16 0.00 0.00
1.75 71.45 0.00 0.00
1.78 72.70 0.00 0.00
1.81 73.93 0.00 0.00
1.83 75.11 0.00 0.00
1.86 76.26 0.00 0.00
1.89 77.37 0.00 0.00
1.92 78.44 0.00 0.00
1.94 79.47 0.00 0.00
1.97 80.46 0.00 0.00
2.00 81.41 0.00 0.00
2.03 82.31 0.00 0.00
2.06 83.16 0.00 0.00
2.08 83.97 0.00 0.00
2.11 84.73 0.00 0.00
2.14 85.45 0.00 0.00
2.17 86.11 0.00 0.00
2.19 86.72 0.00 0.00
2.22 87.29 0.00 0.00
2.25 87.80 0.00 0.00
2.28 88.26 0.00 0.00
2.31 88.66 0.00 0.00
2.33 89.02 0.00 0.00
2.36 89.32 0.00 0.00
2.39 89.56 0.00 0.00
2.42 89.75 0.00 0.00
2.44 89.89 0.00 0.00
2.47 89.97 0.00 0.00
2.50 90.00 0.00 0.00
2.53 89.97 0.00 0.00
2.56 89.89 0.00 0.00
2.58 89.75 0.00 0.00
2.61 89.56 0.00 0.00
2.64 89.32 0.00 0.00
2.67 89.02 0.00 0.00
2.69 88.66 0.00 0.00
2.72 88.26 0.00 0.00
2.75 87.80 0.00 0.00
2.78 87.29 0.00 0.00
2.81 86.72 0.00 0.00
2.83 86.11 0.00 0.00
2.86 85.45 0.00 0.00
2.89 84.73 0.00 0.00
2.92 83.97 0.00 0.00
2.94 83.16 0.00 0.00
2.97 82.31 0.00 0.00
3.00 81.41 0.00 0.00
3.03 80.46 0.00 0.00
3.06 79.47 0.00 0.00
3.08 78.44 0.00 0.00
3.11 77.37 0.00 0.00
3.14 76.26 0.00 0.00
3.17 75.11 0.00 0.00
3.19 73.93 0.00 0.00
3.22 72.70 0.00 0.00
3.25 71.45 0.00 0.00
3.28 70.16 0.00 0.00
3.31 68.85 0.00 0.00
3.33 67.50 0.00 0.00
3.36 66.13 0.00 0.00
3.39 64.73 0.00 0.00
3.42 63.30 0.00 0.00
3.44 61.86 0.00 0.00
3.47 60.39 0.00 0.00
3.50 58.91 0.00 0.00
3.53 57.40 0.00 0.00
3.56 55.89 0.00 0.00
3.58 54.36 0.00 0.00
3.61 52.81 0.00 0.00
3.64 51.26 0.00 0.00
3.67 49.70 0.00 0.00
3.69 48.14 0.00 0.00
3.72 46.57 0.00 0.00
3.75 45.00 0.00 0.00
3.78 43.43 0.00 0.00
3.81 41.86 0.00 0.00
3.83 40.30 0.00 0.00
3.86 38.74 0.00 0.00
3.89 37.19 0.00 0.00
3.92 35.64 0.00 0.00
3.94 34.11 0.00 0.00
3.97 32.60 0.00 0.00
4.00 31.09 0.00 0.00
4.03 29.61 0.00 0.00
4.06 28.14 0.00 0.00
4.08 26.70 0.00 0.00
4.11 25.27 0.00 0.00
4.14 23.87 0.00 0.00
4.17 22.50 0.00 0.00
4.19 21.15 0.00 0.00
4.22 19.84 0.00 0.00
4.25 18.55 0.00 0.00
4.28 17.30 0.00 0.00
4.31 16.07 0.00 0.00
4.33 14.89 0.00 0.00
4.36 13.74 0.00 0.00
4.39 12.63 0.00 0.00
4.42 11.56 0.00 0.00
4.44 10.53 0.00 0.00
4.47 9.54 0.00 0.00
4.50 8.59 0.00 0.00
4.53 7.69 0.00 0.00
4.56 6.84 0.00 0.00
4.58 6.03 0.00 0.00
4.61 5.27 0.00 0.00
4.64 4.55 0.00 0.00
4.67 3.89 0.00 0.00
4.69 3.28 0.00 0.00
4.72 2.71 0.00 0.00
4.75 2.20 0.00 0.00
4.78 1.74 0.00 0.00
4.81 1.34 0.00 0.00
4.83 0.98 0.00 0.00
4.86 0.68 0.00 0.00
4.89 0.44 0.00 0.00
4.92 0.25 0.00 0.00
4.94 0.11 0.00 0.00
4.97 0.03 0.00 0.00
5.00 0.00 0.00 0.00
5.03 0.03 0.00 0.00
5.06 0.11 0.00 0.00
5.08 0.25 0.00 0.00
5.11 0.44 0.00 0.00
5.14 0.68 0.00 0.00
5.17 0.98 0.00 0.00
5.19 1.34 0.00 0.00
5.22 1.74 0.00 0.00
5.25 2.20 0.00 0.00
5.28 2.71 0.00 0.00
5.31 3.28 0.00 0.00
5.33 3.89 0.00 0.00
5.36 4.55 0.00 0.00
5.39 5.27 0.00 0.00
5.42 6.03 0.00 0.00
5.44 6.84 0.00 0.00
5.47 7.69 0.00 0.00
5.50 8.59 0.00 0.00
5.53 9.54 0.00 0.00
5.56 10.53 0.00 0.00
5.58 11.56 0.00 0.00
5.61 12.63 0.00 0.00
5.64 13.74 0.00 0.00
5.67 14.89 0.00 0.00
5.69 16.07 0.00 0.00
5.72 17.30 0.00 0.00
5.75 18.55 0.00 0.00
5.78 19.84 0.00 0.00
5.81 21.15 0.00 0.00
5.83 22.50 0.00 0.00
5.86 23.87 0.00 0.00
5.89 25.27 0.00 0.00
5.92 26.70 0.00 0.00
5.94 28.14 0.00 0.00
5.97 29.61 0.00 0.00
6.00 31.09 0.00 0.00
6.03 32.60 0.00 0.00
6.06 34.11 0.00 0.00
6.08 35.64 0.00 0.00
6.11 37.19 0.00 0.00
6.14 38.74 0.00 0.00
6.17 40.30 0.00 0.00
6.19 41.86 0.00 0.00
6.22 43.43 0.00 0.00
6.25 45.00 0.00 0.00
6.28 46.57 0.00 0.00
6.31 48.14 0.00 0.00
6.33 49.70 0.00 0.00
6.36 51.26 0.00 0.00
6.39 52.81 0.00 0.00
6.42 54.36 0.00 0.00
6.44 55.89 0.00 0.00
6.47 57.40 0.00 0.00
6.50 58.91 0.00 0.00
6.53 60.39 0.00 0.00
6.56 61.86 0.00 0.00
6.58 63.30 0.00 0.00
6.61 64.73 0.00 0.00
6.64 66.13 0.00 0.00
6.67 67.50 0.00 0.00
6.69 68.85 0.00 0.00
6.72 70.16 0.00 0.00
6.75 71.45 0.00 0.00
6.78 72.70 0.00 0.00
6.81 73.93 0.00 0.00
6.83 75.11 0.00 0.00
6.86 76.26 0.00 0.00
6.89 77.37 0.00 0.00
6.92 78.44 0.00 0.00
6.94 79.47 0.00 0.00
6.97 80.46 0.00 0.00
7.00 81.41 0.00 0.00
7.03 82.31 0.00 0.00
7.06 83.16 0.00 0.00
7.08 83.97 0.00 0.00
7.11 84.73 0.00 0.00
7.14 85.45 0.00 0.00
7.17 86.11 0.00 0.00
7.19 86.72 0.00 0.00
7.22 87.29 0.00 0.00
7.25 87.80 0.00 0.00
7.28 88.26 0.00 0.00
7.31 88.66 0.00 0.00
7.33 89.02 0.00 0.00
7.36 89.32 0.00 0.00
7.39 89.56 0.00 0.00
7.42 89.75 0.00 0.00
7.44 89.89 0.00 0.00
7.47 89.97 0.00 0.00
7.50 90.00 0.00 0.00
7.53 89.97 0.00 0.00
7.56 89.89 0.00 0.00
7.58 89.75 0.00 0.00
7.61 89.56 0.00 0.00
7.64 89.32 0.00 0.00
7.67 89.02 0.00 0.00
7.69 88.66 0.00 0.00
7.72 88.26 0.00 0.00
7.75 87.80 0.00 0.00
7.78 87.29 0.00 0.00
7.81 86.72 0.00 0.00
7.83 86.11 0.00 0.00
7.86 85.45 0.00 0.00
7.89 84.73 0.00 0.00
7.92 83.97 0.00 0.00
7.94 83.16 0.00 0.00
7.97 82.31 0.00 0.00
8.00 81.41 0.00 0.00
8.03 80.46 0.00 0.00
8.06 79.47 0.00 0.00
8.08 78.44 0.00 0.00
8.11 77.37 0.00 0.00
8.14 76.26 0.00 0.00
8.17 75.11 0.00 0.00
8.19 73.93 0.00 0.00
8.22 72.70 0.00 0.00
8.25 71.45 0.00 0.00
8.28 70.16 0.00 0.00
8.31 68.85 0.00 0.00
8.33 67.50 0.00 0.00
8.36 66.13 0.00 0.00
8.39 64.73 0.00 0.00
8.42 63.30 0.00 0.00
8.44 61.86 0.00 0.00
8.47 60.39 0.00 0.00
8.50 58.91 0.00 0.00
8.53 57.40 0.00 0.00
8.56 55.89 0.00 0.00
8.58 54.36 0.00 0.00
8.61 52.81 0.00 0.00
8.64 51.26 0.00 0.00
8.67 49.70 0.00 0.00
8.69 48.14 0.00 0.00
8.72 46.57 0.00 0.00
8.75 45.00 0.00 0.00
8.78 43.43 0.00 0.00
8.81 41.86 0.00 0.00
8.83 40.30 0.00 0.00
8.86 38.74 0.00 0.00
8.89 37.19 0.00 0.00
8.92 35.64 0.00 0.00
8.94 34.11 0.00 0.00
8.97 32.60 0.00 0.00
9.00 31.09 0.00 0.00
9.03 29.61 0.00 0.00
9.06 28.14 0.00 0.00
9.08 26.70 0.00 0.00
9.11 25.27 0.00 0.00
9.14 23.87 0.00 0.00
9.17 22.50 0.00 0.00
9.19 21.15 0.00 0.00
9.22 19.84 0.00 0.00
9.25 18.55 0.00 0.00
9.28 17.30 0.00 0.00
9.31 16.07 0.00 0.00
9.33 14.89 0.00 0.00
9.36 13.74 0.00 0.00
9.39 12.63 0.00 0.00
9.42 11.56 0.00 0.00
9.44 10.53 0.00 0.00
9.47 9.54 0.00 0.00
9.50 8.59 0.00 0.00
9.53 7.69 0.00 0.00
9.56 6.84 0.00 0.00
9.58 6.03 0.00 0.00
9.61 5.27 0.00 0.00
9.64 4.55 0.00 0.00
9.67 3.89 0.00 0.00
9.69 3.28 0.00 0.00
9.72 2.71 0.00 0.00
9.75 2.20 0.00 0.00
9.78 1.74 0.00 0.00
9.81 1.34 0.00 0.00
9.83 0.98 0.00 0.00
9.86 0.68 0.00 0.00
9.89 0.44 0.00 0.00
9.92 0.25 0.00 0.00
9.94 0.11 0.00 0.00
9.97 0.03 0.00 0.00
10.00 0.00 0.00 0.00
10.03 0.03 0.00 0.00
10.06 0.11 0.00 0.00
10.08 0.25 0.00 0.00
10.11 0.44 0.00 0.00
10.14 0.68 0.00 0.00
10.17 0.98 0.00 0.00
10.19 1.34 0.00 0.00
10.22 1.74 0.00 0.00
10.25 2.20 0.00 0.00
10.28 2.71 0.00 0.00
10.31 3.28 0.00 0.00
10.33 3.89 0.00 0.00
10.36 4.55 0.00 0.00
10.39 5.27 0.00 0.00
10.42 6.03 0.00 0.00
10.44 6.84 0.00 0.00
10.47 7.69 0.00 0.00
10.50 8.59 0.00 0.00
10.53 9.54 0.00 0.00
10.56 10.53 0.00 0.00
10.58 11.56 0.00 0.00
10.61 12.63 0.00 0.00
10.64 13.74 0.00 0.00
10.67 14.89 0.00 0.00
10.69 16.07 0.00 0.00
10.72 17.30 0.00 0.00
10.75 18.55 0.00 0.00
10.78 19.84 0.00 0.00
10.81 21.15 0.00 0.00
10.83 22.50 0.00 0.00
10.86 23.87 0.00 0.00
10.89 25.27 0.00 0.00
10.92 26.70 0.00 0.00
10.94 28.14 0.00 0.00
10.97 29.61 0.00 0.00
11.00 31.09 0.00 0.00
11.03 32.60 0.00 0.00
11.06 34.11 0.00 0.00
11.08 35.64 0.00 0.00
11.11 37.19 0.00 0.00
11.14 38.74 0.00 0.00
11.17 40.30 0.00 0.00
11.19 41.86 0.00 0.00
11.22 43.43 0.00 0.00
11.25 45.00 0.00 0.00
11.28 46.57 0.00 0.00
11.31 48.14 0.00 0.00
11.33 49.70 0.00 0.00
11.36 51.26 0.00 0.00
11.39 52.81 0.00 0.00
11.42 54.36 0.00 0.00
11.44 55.89 0.00 0.00
11.47 57.40 0.00 0.00
11.50 58.91 0.00 0.00
11.53 60.39 0.00 0.00
11.56 61.86 0.00 0.00
11.58 63.30 0.00 0.00
11.61 64.73 0.00 0.00
11.64 66.13 0.00 0.00
11.67 67.50 0.00 0.00
11.69 68.85 0.00 0.00
11.72 70.16 0.00 0.00
11.75 71.45 0.00 0.00
11.78 72.70 0.00 0.00
11.81 73.93 0.00 0.00
11.83 75.11 0.00 0.00
11.86 76.26 0.00 0.00
11.89 77.37 0.00 0.00
11.92 78.44 0.00 0.00
11.94 79.47 0.00 0.00
11.97 80.46 0.00 0.00
12.00 81.41 0.00 0.00
12.03 82.31 0.00 0.00
12.06 83.16 0.00 0.00
12.08 83.97 0.00 0.00
12.11 84.73 0.00 0.00
12.14 85.45 0.00 0.00
12.17 86.11 0.00 0.00
12.19 86.72 0.00 0.00
12.22 87.29 0.00 0.00
12.25 87.80 0.00 0.00
12.28 88.26 0.00 0.00
12.31 88.66 0.00 0.00
12.33 89.02 0.00 0.00
12.36 89.32 0.00 0.00
12.39 89.56 0.00 0.00
12.42 89.75 0.00 0.00
12.44 89.89 0.00 0.00
12.47 89.97 0.00 0.00
12.50 90.00 0.00 0.00
12.53 89.97 0.00 0.00
12.56 89.89 0.00 0.00
12.58 89.75 0.00 0.00
12.61 89.56 0.00 0.00
12.64 89.32 0.00 0.00
12.67 89.02 0.00 0.00
12.69 88.66 0.00 0.00
12.72 88.26 0.00 0.00
12.75 87.80 0.00 0.00
12.78 87.29 0.00 0.00
12.81 86.72 0.00 0.00
12.83 86.11 0.00 0.00
12.86 85.45 0.00 0.00
12.89 84.73 0.00 0.00
12.92 83.97 0.00 0.00
12.94 83.16 0.00 0.00
12.97 82.31 0.00 0.00
13.00 81.41 0.00 0.00
13.03 80.46 0.00 0.00
13.06 79.47 0.00 0.00
13.08 78.44 0.00 0.00
13.11 77.37 0.00 0.00
13.14 76.26 0.00 0.00
13.17 75.11 0.00 0.00
13.19 73.93 0.00 0.00
13.22 72.70 0.00 0.00
13.25 71.45 0.00 0.00
13.28 70.16 0.00 0.00
13.31 68.85 0.00 0.00
13.33 67.50 0.00 0.00
13.36 66.13 0.00 0.00
13.39 64.73 0.00 0.00
13.42 63.30 0.00 0.00
13.44 61.86 0.00 0.00
13.47 60.39 0.00 0.00
13.50 58.91 0.00 0.00
13.53 57.40 0.00 0.00
13.56 55.89 0.00 0.00
13.58 54.36 0.00 0.00
13.61 52.81 0.00 0.00
13.64 51.26 0.00 0.00
13.67 49.70 0.00 0.00
13.69 48.14 0.00 0.00
13.72 46.57 0.00 0.00
13.75 45.00 0.00 0.00
13.78 43.43 0.00 0.00
13.81 41.86 0.00 0.00
13.83 40.30 0.00 0.00
13.86 38.74 0.00 0.00
13.89 37.19 0.00 0.00
13.92 35.64 0.00 0.00
13.94 34.11 0.00 0.00
13.97 32.60 0.00 0.00
14.00 31.09 0.00 0.00
14.03 29.61 0.00 0.00
14.06 28.14 0.00 0.00
14.08 26.70 0.00 0.00
14.11 25.27 0.00 0.00
14.14 23.87 0.00 0.00
14.17 22.50 0.00 0.00
14.19 21.15 0.00 0.00
14.22 19.84 0.00 0.00
14.25 18.55 0.00 0.00
14.28 17.30 0.00 0.00
14.31 16.07 0.00 0.00
14.33 14.89 0.00 0.00
14.36 13.74 0.00 0.00
14.39 12.63 0.00 0.00
14.42 11.56 0.00 0.00
14.44 10.53 0.00 0.00
14.47 9.54 0.00 0.00
14.50 8.59 0.00 0.00
14.53 7.69 0.00 0.00
14.56 6.84 0.00 0.00
14.58 6.03 0.00 0.00
14.61 5.27 0.00 0.00
14.64 4.55 0.00 0.00
14.67 3.89 0.00 0.00
14.69 3.28 0.00 0.00
14.72 2.71 0.00 0.00
14.75 2.20 0.00 0.00
14.78 1.74 0.00 0.00
14.81 1.34 0.00 0.00
14.83 0.98 0.00 0.00
14.86 0.68 0.00 0.00
14.89 0.44 0.00 0.00
14.92 0.25 0.00 0.00
14.94 0.11 0.00 0.00
14.97 0.03 0.00 0.00
15.00 0.00 0.00 0.00
15.03 0.03 0.00 0.00
15.06 0.11 0.00 0.00
15.08 0.25 0.00 0.00
15.11 0.44 0.00 0.00
15.14 0.68 0.00 0.00
15.17 0.98 0.00 0.00
15.19 1.34 0.00 0.00
15.22 1.74 0.00 0.00
15.25 2.20 0.00 0.00
15.28 2.71 0.00 0.00
15.31 3.28 0.00 0.00
15.33 3.89 0.00 0.00
15.36 4.55 0.00 0.00
15.39 5.27 0.00 0.00
15.42 6.03 0.00 0.00
15.44 6.84 0.00 0.00
15.47 7.69 0.00 0.00
15.50 8.59 0.00 0.00
15.53 9.54 0.00 0.00
15.56 10.53 0.00 0.00
15.58 11.56 0.00 0.00
15.61 12.63 0.00 0.00
15.64 13.74 0.00 0.00
15.67 14.89 0.00 0.00
15.69 16.07 0.00 0.00
15.72 17.30 0.00 0.00
15.75 18.55 0.00 0.00
15.78 19.84 0.00 0.00
15.81 21.15 0.00 0.00
15.83 22.50 0.00 0.00
15.86 23.87 0.00 0.00
15.89 25.27 0.00 0.00
15.92 26.70 0.00 0.00
15.94 28.14 0.00 0.00
15.97 29.61 0.00 0.00
16.00 31.09 0.00 0.00
16.03 32.60 0.00 0.00
16.06 34.11 0.00 0.00
16.08 35.64 0.00 0.00
16.11 37.19 0.00 0.00
16.14 38.74 0.00 0.00
16.17 40.30 0.00 0.00
16.19 41.86 0.00 0.00
16.22 43.43 0.00 0.00
16.25 45.00 0.00 0.00
16.28 46.57 0.00 0.00
16.31 48.14 0.00 0.00
16.33 49.70 0.00 0.00
16.36 51.26 0.00 0.00
16.39 52.81 0.00 0.00
16.42 54.36 0.00 0.00
16.44 55.89 0.00 0.00
16.47 57.40 0.00 0.00
16.50 58.91 0.00 0.00
16.53 60.39 0.00 0.00
16.56 61.86 0.00 0.00
16.58 63.30 0.00 0.00
16.61 64.73 0.00 0.00
16.64 66.13 0.00 0.00
16.67 67.50 0.00 0.00
16.69 68.85 0.00 0.00
16.72 70.16 0.00 0.00
16.75 71.45 0.00 0.00
16.78 72.70 0.00 0.00
16.81 73.93 0.00 0.00
16.83 75.11 0.00 0.00
16.86 76.26 0.00 0.00
16.89 77.37 0.00 0.00
16.92 78.44 0.00 0.00
16.94 79.47 0.00 0.00
16.97 80.46 0.00 0.00
17.00 81.41 0.00 0.00
17.03 82.31 0.00 0.00
17.06 83.16 0.00 0.00
17.08 83.97 0.00 0.00
17.11 84.73 0.00 0.00
17.14 85.45 0.00 0.00
17.17 86.11 0.00 0.00
17.19 86.72 0.00 0.00
17.22 87.29 0.00 0.00
17.25 87.80 0.00 0.00
17.28 88.26 0.00 0.00
17.31 88.66 0.00 0.00
17.33 89.02 0.00 0.00
17.36 89.32 0.00 0.00
17.39 89.56 0.00 0.00
17.42 89.75 0.00 0.00
17.44 89.89 0.00 0.00
17.47 89.97 0.00 0.00
17.50 90.00 0.00 0.00
17.53 89.97 0.00 0.00
17.56 89.89 0.00 0.00
17.58 89.75 0.00 0.00
17.61 89.56 0.00 0.00
17.64 89.32 0.00 0.00
17.67 89.02 0.00 0.00
17.69 88.66 0.00 0.00
17.72 88.26 0.00 0.00
17.75 87.80 0.00 0.00
17.78 87.29 0.00 0.00
17.81 86.72 0.00 0.00
17.83 86.11 0.00 0.00
17.86 85.45 0.00 0.00
17.89 84.73 0.00 0.00
17.92 83.97 0.00 0.00
17.94 83.16 0.00 0.00
17.97 82.31 0.00 0.00
18.00 81.41 0.00 0.00
18.03 80.46 0.00 0.00
18.06 79.47 0.00 0.00
18.08 78.44 0.00 0.00
18.11 77.37 0.00 0.00
18.14 76.26 0.00 0.00
18.17 75.11 0.00 0.00
18.19 73.93 0.00 0.00
18.22 72.70 0.00 0.00
18.25 71.45 0.00 0.00
18.28 70.16 0.00 0.00
18.31 68.85 0.00 0.00
18.33 67.50 0.00 0.00
18.36 66.13 0.00 0.00
18.39 64.73 0.00 0.00
18.42 63.30 0.00 0.00
18.44 61.86 0.00 0.00
18.47 60.39 0.00 0.00
18.50 58.91 0.00 0.00
18.53 57.40 0.00 0.00
18.56 55.89 0.00 0.00
18.58 54.36 0.00 0.00
18.61 52.81 0.00 0.00
18.64 51.26 0.00 0.00
18.67 49.70 0.00 0.00
18.69 48.14 0.00 0.00
18.72 46.57 0.00 0.00
18.75 45.00 0.00 0.00
18.78 43.43 0.00 0.00
18.81 41.86 0.00 0.00
18.83 40.30 0.00 0.00
18.86 38.74 0.00 0.00
18.89 37.19 0.00 0.00
18.92 35.64 0.00 0.00
18.94 34.11 0.00 0.00
18.97 32.60 0.00 0.00
19.00 31.09 0.00 0.00
19.03 29.61 0.00 0.00
19.06 28.14 0.00 0.00
19.08 26.70 0.00 0.00
19.11 25.27 0.00 0.00
19.14 23.87 0.00 0.00
19.17 22.50 0.00 0.00
19.19 21.15 0.00 0.00
19.22 19.84 0.00 0.00
19.25 18.55 0.00 0.00
19.28 17.30 0.00 0.00
19.31 16.07 0.00 0.00
19.33 14.89 0.00 0.00
19.36 13.74 0.00 0.00
19.39 12.63 0.00 0.00
19.42 11.56 0.00 0.00
19.44 10.53 0.00 0.00
19.47 9.54 0.00 0.00
19.50 8.59 0.00 0.00
19.53 7.69 0.00 0.00
19.56 6.84 0.00 0.00
19.58 6.03 0.00 0.00
19.61 5.27 0.00 0.00
19.64 4.55 0.00 0.00
19.67 3.89 0.00 0.00
19.69 3.28 0.00 0.00
19.72 2.71 0.00 0.00
19.75 2.20 0.00 0.00
19.78 1.74 0.00 0.00
19.81 1.34 0.00 0.00
19.83 0.98 0.00 0.00
19.86 0.68 0.00 0.00
19.89 0.44 0.00 0.00
19.92 0.25 0.00 0.00
19.94 0.11 0.00 0.00
19.97 0.03 0.00 0.00
20.00 0.00 0.00 0.00
20.03 0.03 0.00 0.00
20.06 0.11 0.00 0.00
20.08 0.25 0.00 0.00
20.11 0.44 0.00 0.00
20.14 0.68 0.00 0.00
20.17 0.98 0.00 0.00
20.19 1.34 0.00 0.00
20.22 1.74 0.00 0.00
20.25 2.20 0.00 0.00
20.28 2.71 0.00 0.00
20.31 3.28 0.00 0.00
20.33 3.89 0.00 0.00
20.36 4.55 0.00 0.00
20.39 5.27 0.00 0.00
20.42 6.03 0.00 0.00
20.44 6.84 0.00 0.00
20.47 7.69 0.00 0.00
20.50 8.59 0.00 0.00
20.53 9.54 0.00 0.00
20.56 10.53 0.00 0.00
20.58 11.56 0.00 0.00
20.61 12.63 0.00 0.00
20.64 13.74 0.00 0.00
20.67 14.89 0.00 0.00
20.69 16.07 0.00 0.00
20.72 17.30 0.00 0.00
20.75 18.55 0.00 0.00
20.78 19.84 0.00 0.00
20.81 21.15 0.00 0.00
20.83 22.50 0.00 0.00
20.86 23.87 0.00 0.00
20.89 25.27 0.00 0.00
20.92 26.70 0.00 0.00
20.94 28.14 0.00 0.00
20.97 29.61 0.00 0.00
21.00 31.09 0.00 0.00
21.03 32.60 0.00 0.00
21.06 34.11 0.00 0.00
21.08 35.64 0.00 0.00
21.11 37.19 0.00 0.00
21.14 38.74 0.00 0.00
21.17 40.30 0.00 0.00
21.19 41.86 0.00 0.00
21.22 43.43 0.00 0.00
21.25 45.00 0.00 0.00
21.28 46.57 0.00 0.00
21.31 48.14 0.00 0.00
21.33 49.70 0.00 0.00
21.36 51.26 0.00 0.00
21.39 52.81 0.00 0.00
21.42 54.36 0.00 0.00
21.44 55.89 0.00 0.00
21.47 57.40 0.00 0.00
21.50 58.91 0.00 0.00
21.53 60.39 0.00 0.00
21.56 61.86 0.00 0.00
21.58 63.30 0.00 0.00
21.61 64.73 0.00 0.00
21.64 66.13 0.00 0.00
21.67 67.50 0.00 0.00
21.69 68.85 0.00 0.00
21.72 70.16 0.00 0.00
21.75 71.45 0.00 0.00
21.78 72.70 0.00 0.00
21.81 73.93 0.00 0.00
21.83 75.11 0.00 0.00
21.86 76.26 0.00 0.00
21.89 77.37 0.00 0.00
21.92 78.44 0.00 0.00
21.94 79.47 0.00 0.00
21.97 80.46 0.00 0.00
22.00 81.41 0.00 0.00
22.03 82.31 0.00 0.00
22.06 83.16 0.00 0.00
22.08 83.97 0.00 0.00
22.11 84.73 0.00 0.00
22.14 85.45 0.00 0.00
22.17 86.11 0.00 0.00
22.19 86.72 0.00 0.00
22.22 87.29 0.00 0.00
22.25 87.80 0.00 0.00
22.28 88.26 0.00 0.00
22.31 88.66 0.00 0.00
22.33 89.02 0.00 0.00
22.36 89.32 0.00 0.00
22.39 89.56 0.00 0.00
22.42 89.75 0.00 0.00
22.44 89.89 0.00 0.00
22.47 89.97 0.00 0.00
22.50 90.00 0.00 0.00
22.53 89.97 0.00 0.00
22.56 89.89 0.00 0.00
22.58 89.75 0.00 0.00
22.61 89.56 0.00 0.00
22.64 89.32 0.00 0.00
22.67 89.02 0.00 0.00
22.69 88.66 0.00 0.00
22.72 88.26 0.00 0.00
22.75 87.80 0.00 0.00
22.78 87.29 0.00 0.00
22.81 86.72 0.00 0.00
22.83 86.11 0.00 0.00
22.86 85.45 0.00 0.00
22.89 84.73 0.00 0.00
22.92 83.97 0.00 0.00
22.94 83.16 0.00 0.00
22.97 82.31 0.00 0.00
23.00 81.41 0.00 0.00
23.03 80.46 0.00 0.00
23.06 79.47 0.00 0.00
23.08 78.44 0.00 0.00
23.11 77.37 0.00 0.00
23.14 76.26 0.00 0.00
23.17 75.11 0.00 0.00
23.19 73.93 0.00 0.00
23.22 72.70 0.00 0.00
23.25 71.45 0.00 0.00
23.28 70.16 0.00 0.00
23.31 68.85 0.00 0.00
23.33 67.50 0.00 0.00
23.36 66.13 0.00 0.00
23.39 64.73 0.00 0.00
23.42 63.30 0.00 0.00
23.44 61.86 0.00 0.00
23.47 60.39 0.00 0.00
23.50 58.91 0.00 0.00
23.53 57.40 0.00 0.00
23.56 55.89 0.00 0.00
23.58 54.36 0.00 0.00
23.61 52.81 0.00 0.00
23.64 51.26 0.00 0.00
23.67 49.70 0.00 0.00
23.69 48.14 0.00 0.00
23.72 46.57 0.00 0.00
23.75 45.00 0.00 0.00
23.78 43.43 0.00 0.00
23.81 41.86 0.00 0.00
23.83 40.30 0.00 0.00
23.86 38.74 0.00 0.00
23.89 37.19 0.00 0.00
23.92 35.64 0.00 0.00
23.94 34.11 0.00 0.00
23.97 32.60 0.00 0.00
24.00 31.09 0.00 0.00
24.03 29.61 0.00 0.00
24.06 28.14 0.00 0.00
24.08 26.70 0.00 0.00
24.11 25.27 0.00 0.00
24.14 23.87 0.00 0.00
24.17 22.50 0.00 0.00
24.19 21.15 0.00 0.00
24.22 19.84 0.00 0.00
24.25 18.55 0.00 0.00
24.28 17.30 0.00 0.00
24.31 16.07 0.00 0.00
24.33 14.89 0.00 0.00
24.36 13.74 0.00 0.00
24.39 12.63 0.00 0.00
24.42 11.56 0.00 0.00
24.44 10.53 0.00 0.00
24.47 9.54 0.00 0.00
24.50 8.59 0.00 0.00
24.53 7.69 0.00 0.00
24.56 6.84 0.00 0.00
24.58 6.03 0.00 0.00
24.61 5.27 0.00 0.00
24.64 4.55 0.00 0.00
24.67 3.89 0.00 0.00
24.69 3.28 0.00 0.00
24.72 2.71 0.00 0.00
24.75 2.20 0.00 0.00
24.78 1.74 0.00 0.00
24.81 1.34 0.00 0.00
24.83 0.98 0.00 0.00
24.86 0.68 0.00 0.00
24.89 0.44 0.00 0.00
24.92 0.25 0.00 0.00
24.94 0.11 0.00 0.00
24.97 0.03 0.00 0.00
25.00 0.00 0.00 0.00
25.03 0.03 0.00 0.00
25.06 0.11 0.00 0.00
25.08 0.25 0.00 0.00
25.11 0.44 0.00 0.00
25.14 0.68 0.00 0.00
25.17 0.98 0.00 0.00
25.19 1.34 0.00 0.00
25.22 1.74 0.00 0.00
25.25 2.20 0.00 0.00
25.28 2.71 0.00 0.00
25.31 3.28 0.00 0.00
25.33 3.89 0.00 0.00
25.36 4.55 0.00 0.00
25.39 5.27 0.00 0.00
25.42 6.03 0.00 0.00
25.44 6.84 0.00 0.00
25.47 7.69 0.00 0.00
25.50 8.59 0.00 0.00
25.53 9.54 0.00 0.00
25.56 10.53 0.00 0.00
25.58 11.56 0.00 0.00
25.61 12.63 0.00 0.00
25.64 13.74 0.00 0.00
25.67 14.89 0.00 0.00
25.69 16.07 0.00 0.00
25.72 17.30 0.00 0.00
25.75 18.55 0.00 0.00
25.78 19.84 0.00 0.00
25.81 21.15 0.00 0.00
25.83 22.50 0.00 0.00
25.86 23.87 0.00 0.00
25.89 25.27 0.00 0.00
25.92 26.70 0.00 0.00
25.94 28.14 0.00 0.00
25.97 29.61 0.00 0.00
26.00 31.09 0.00 0.00
26.03 32.60 0.00 0.00
26.06 34.11 0.00 0.00
26.08 35.64 0.00 0.00
26.11 37.19 0.00 0.00
26.14 38.74 0.00 0.00
26.17 40.30 0.00 0.00
26.19 41.86 0.00 0.00
26.22 43.43 0.00 0.00
26.25 45.00 0.00 0.00
26.28 46.57 0.00 0.00
26.31 48.14 0.00 0.00
26.33 49.70 0.00 0.00
26.36 51.26 0.00 0.00
26.39 52.81 0.00 0.00
26.42 54.36 0.00 0.00
26.44 55.89 0.00 0.00
26.47 57.40 0.00 0.00
26.50 58.91 0.00 0.00
26.53 60.39 0.00 0.00
26.56 61.86 0.00 0.00
26.58 63.30 0.00 0.00
26.61 64.73 0.00 0.00
26.64 66.13 0.00 0.00
26.67 67.50 0.00 0.00
26.69 68.85 0.00 0.00
26.72 70.16 0.00 0.00
26.75 71.45 0.00 0.00
26.78 72.70 0.00 0.00
26.81 73.93 0.00 0.00
26.83 75.11 0.00 0.00
26.86 76.26 0.00 0.00
26.89 77.37 0.00 0.00
26.92 78.44 0.00 0.00
26.94 79.47 0.00 0.00
26.97 80.46 0.00 0.00
27.00 81.41 0.00 0.00
27.03 82.31 0.00 0.00
27.06 83.16 0.00 0.00
27.08 83.97 0.00 0.00
27.11 84.73 0.00 0.00
27.14 85.45 0.00 0.00
27.17 86.11 0.00 0.00
27.19 86.72 0.00 0.00
27.22 87.29 0.00 0.00
27.25 87.80 0.00 0.00
27.28 88.26 0.00 0.00
27.31 88.66 0.00 0.00
27.33 89.02 0.00 0.00
27.36 89.32 0.00 0.00
27.39 89.56 0.00 0.00
27.42 89.75 0.00 0.00
27.44 89.89 0.00 0.00
27.47 89.97 0.00 0.00
27.50 90.00 0.00 0.00
27.53 89.97 0.00 0.00
27.56 89.89 0.00 0.00
27.58 89.75 0.00 0.00
27.61 89.56 0.00 0.00
27.64 89.32 0.00 0.00
27.67 89.02 0.00 0.00
27.69 88.66 0.00 0.00
27.72 88.26 0.00 0.00
27.75 87.80 0.00 0.00
27.78 87.29 0.00 0.00
27.81 86.72 0.00 0.00
27.83 86.11 0.00 0.00
27.86 85.45 0.00 0.00
27.89 84.73 0.00 0.00
27.92 83.97 0.00 0.00
27.94 83.16 0.00 0.00
27.97 82.31 0.00 0.00
28.00 81.41 0.00 0.00
28.03 80.46 0.00 0.00
28.06 79.47 0.00 0.00
28.08 78.44 0.00 0.00
28.11 77.37 0.00 0.00
28.14 76.26 0.00 0.00
28.17 75.11 0.00 0.00
28.19 73.93 0.00 0.00
28.22 72.70 0.00 0.00
28.25 71.45 0.00 0.00
28.28 70.16 0.00 0.00
28.31 68.85 0.00 0.00
28.33 67.50 0.00 0.00
28.36 66.13 0.00 0.00
28.39 64.73 0.00 0.00
28.42 63.30 0.00 0.00
28.44 61.86 0.00 0.00
28.47 60.39 0.00 0.00
28.50 58.91 0.00 0.00
28.53 57.40 0.00 0.00
28.56 55.89 0.00 0.00
28.58 54.36 0.00 0.00
28.61 52.81 0.00 0.00
28.64 51.26 0.00 0.00
28.67 49.70 0.00 0.00
28.69 48.14 0.00 0.00
28.72 46.57 0.00 0.00
28.75 45.00 0.00 0.00
28.78 43.43 0.00 0.00
28.81 41.86 0.00 0.00
28.83 40.30 0.00 0.00
28.86 38.74 0.00 0.00
28.89 37.19 0.00 0.00
28.92 35.64 0.00 0.00
28.94 34.11 0.00 0.00
28.97 32.60 0.00 0.00
29.00 31.09 0.00 0.00
29.03 29.61 0.00 0.00
29.06 28.14 0.00 0.00
29.08 26.70 0.00 0.00
29.11 25.27 0.00 0.00
29.14 23.87 0.00 0.00
29.17 22.50 0.00 0.00
29.19 21.15 0.00 0.00
29.22 19.84 0.00 0.00
29.25 18.55 0.00 0.00
29.28 17.30 0.00 0.00
29.31 16.07 0.00 0.00
29.33 14.89 0.00 0.00
29.36 13.74 0.00 0.00
29.39 12.63 0.00 0.00
29.42 11.56 0.00 0.00
29.44 10.53 0.00 0.00
29.47 9.54 0.00 0.00
29.50 8.59 0.00 0.00
29.53 7.69 0.00 0.00
29.56 6.84 0.00 0.00
29.58 6.03 0.00 0.00
29.61 5.27 0.00 0.00
29.64 4.55 0.00 0.00
29.67 3.89 0.00 0.00
29.69 3.28 0.00 0.00
29.72 2.71 0.00 0.00
29.75 2.20 0.00 0.00
29.78 1.74 0.00 0.00
29.81 1.34 0.00 0.00
29.83 0.98 0.00 0.00
29.86 0.68 0.00 0.00
29.89 0.44 0.00 0.00
29.92 0.25 0.00 0.00
29.94 0.11 0.00 0.00
29.97 0.03 0.00 0.00
30.00 0.00 0.00 0.00
30.03 0.03 0.00 0.00
30.06 0.11 0.00 0.00
30.08 0.25 0.00 0.00
30.11 0.44 0.00 0.00
30.14 0.68 0.00 0.00
30.17 0.98 0.00 0.00
30.19 1.34 0.00 0.00
30.22 1.74 0.00 0.00
30.25 2.20 0.00 0.00
30.28 2.71 0.00 0.00
30.31 3.28 0.00 0.00
30.33 3.89 0.00 0.00
30.36 4.55 0.00 0.00
30.39 5.27 0.00 0.00
30.42 6.03 0.00 0.00
30.44 6.84 0.00 0.00
30.47 7.69 0.00 0.00
30.50 8.59 0.00 0.00
30.53 9.54 0.00 0.00
30.56 10.53 0.00 0.00
30.58 11.56 0.00 0.00
30.61 12.63 0.00 0.00
30.64 13.74 0.00 0.00
30.67 14.89 0.00 0.00
30.69 16.07 0.00 0.00
30.72 17.30 0.00 0.00
30.75 18.55 0.00 0.00
30.78 19.84 0.00 0.00
30.81 21.15 0.00 0.00
30.83 22.50 0.00 0.00
30.86 23.87 0.00 0.00
30.89 25.27 0.00 0.00
30.92 26.70 0.00 0.00
30.94 28.14 0.00 0.00
30.97 29.61 0.00 0.00
31.00 31.09 0.00 0.00
31.03 32.60 0.00 0.00
31.06 34.11 0.00 0.00
31.08 35.64 0.00 0.00
31.11 37.19 0.00 0.00
31.14 38.74 0.00 0.00
31.17 40.30 0.00 0.00
31.19 41.86 0.00 0.00
31.22 43.43 0.00 0.00
31.25 45.00 0.00 0.00
31.28 46.57 0.00 0.00
31.31 48.14 0.00 0.00
31.33 49.70 0.00 0.00
31.36 51.26 0.00 0.00
31.39 52.81 0.00 0.00
31.42 54.36 0.00 0.00
31.44 55.89 0.00 0.00
31.47 57.40 0.00 0.00
31.50 58.91 0.00 0.00
31.53 60.39 0.00 0.00
31.56 61.86 0.00 0.00
31.58 63.30 0.00 0.00
31.61 64.73 0.00 0.00
31.64 66.13 0.00 0.00
31.67 67.50 0.00 0.00
31.69 68.85 0.00 0.00
31.72 70.16 0.00 0.00
31.75 71.45 0.00 0.00
31.78 72.70 0.00 0.00
31.81 73.93 0.00 0.00
31.83 75.11 0.00 0.00
31.86 76.26 0.00 0.00
31.89 77.37 0.00 0.00
31.92 78.44 0.00 0.00
31.94 79.47 0.00 0.00
31.97 80.46 0.00 0.00
32.00 81.41 0.00 0.00
32.03 82.31 0.00 0.00
32.06 83.16 0.00 0.00
32.08 83.97 0.00 0.00
32.11 84.73 0.00 0.00
32.14 85.45 0.00 0.00
32.17 86.11 0.00 0.00
32.19 86.72 0.00 0.00
32.22 87.29 0.00 0.00
32.25 87.80 0.00 0.00
32.28 88.26 0.00 0.00
32.31 88.66 0.00 0.00
32.33 89.02 0.00 0.00
32.36 89.32 0.00 0.00
32.39 89.56 0.00 0.00
32.42 89.75 0.00 0.00
32.44 89.89 0.00 0.00
32.47 89.97 0.00 0.00
32.50 90.00 0.00 0.00
32.53 89.97 0.00 0.00
32.56 89.89 0.00 0.00
32.58 89.75 0.00 0.00
32.61 89.56 0.00 0.00
32.64 89.32 0.00 0.00
32.67 89.02 0.00 0.00
32.69 88.66 0.00 0.00
32.72 88.26 0.00 0.00
32.75 87.80 0.00 0.00
32.78 87.29 0.00 0.00
32.81 86.72 0.00 0.00
32.83 86.11 0.00 0.00
32.86 85.45 0.00 0.00
32.89 84.73 0.00 0.00
32.92 83.97 0.00 0.00
32.94 83.16 0.00 0.00
32.97 82.31 0.00 0.00
33.00 81.41 0.00 0.00
33.03 80.46 0.00 0.00
33.06 79.47 0.00 0.00
33.08 78.44 0.00 0.00
33.11 77.37 0.00 0.00
33.14 76.26 0.00 0.00
33.17 75.11 0.00 0.00
33.19 73.93 0.00 0.00
33.22 72.70 0.00 0.00
33.25 71.45 0.00 0.00
33.28 70.16 0.00 0.00
33.31 68.85 0.00 0.00
33.33 67.50 0.00 0.00
33.36 66.13 0.00 0.00
33.39 64.73 0.00 0.00
33.42 63.30 0.00 0.00
33.44 61.86 0.00 0.00
33.47 60.39 0.00 0.00
33.50 58.91 0.00 0.00
33.53 57.40 0.00 0.00
33.56 55.89 0.00 0.00
33.58 54.36 0.00 0.00
33.61 52.81 0.00 0.00
33.64 51.26 0.00 0.00
33.67 49.70 0.00 0.00
33.69 48.14 0.00 0.00
33.72 46.57 0.00 0.00
33.75 45.00 0.00 0.00
33.78 43.43 0.00 0.00
33.81 41.86 0.00 0.00
33.83 40.30 0.00 0.00
33.86 38.74 0.00 0.00
33.89 37.19 0.00 0.00
33.92 35.64 0.00 0.00
33.94 34.11 0.00 0.00
33.97 32.60 0.00 0.00
34.00 31.09 0.00 0.00
34.03 29.61 0.00 0.00
34.06 28.14 0.00 0.00
34.08 26.70 0.00 0.00
34.11 25.27 0.00 0.00
34.14 23.87 0.00 0.00
34.17 22.50 0.00 0.00
34.19 21.15 0.00 0.00
34.22 19.84 0.00 0.00
34.25 18.55 0.00 0.00
34.28 17.30 0.00 0.00
34.31 16.07 0.00 0.00
34.33 14.89 0.00 0.00
34.36 13.74 0.00 0.00
34.39 12.63 0.00 0.00
34.42 11.56 0.00 0.00
34.44 10.53 0.00 0.00
34.47 9.54 0.00 0.00
34.50 8.59 0.00 0.00
34.53 7.69 0.00 0.00
34.56 6.84 0.00 0.00
34.58 6.03 0.00 0.00
34.61 5.27 0.00 0.00
34.64 4.55 0.00 0.00
34.67 3.89 0.00 0.00
34.69 3.28 0.00 0.00
34.72 2.71 0.00 0.00
34.75 2.20 0.00 0.00
34.78 1.74 0.00 0.00
34.81 1.34 0.00 0.00
34.83 0.98 0.00 0.00
34.86 0.68 0.00 0.00
34.89 0.44 0.00 0.00
34.92 0.25 0.00 0.00
34.94 0.11 0.00 0.00
34.97 0.03 0.00 0.00
35.00 0.00 0.00 0.00
35.03 0.03 0.00 0.00
35.06 0.11 0.00 0.00
35.08 0.25 0.00 0.00
35.11 0.44 0.00 0.00
35.14 0.68 0.00 0.00
35.17 0.98 0.00 0.00
35.19 1.34 0.00 0.00
35.22 1.74 0.00 0.00
35.25 2.20 0.00 0.00
35.28 2.71 0.00 0.00
35.31 3.28 0.00 0.00
35.33 3.89 0.00 0.00
35.36 4.55 0.00 0.00
35.39 5.27 0.00 0.00
35.42 6.03 0.00 0.00
35.44 6.84 0.00 0.00
35.47 7.69 0.00 0.00
35.50 8.59 0.00 0.00
35.53 9.54 0.00 0.00
35.56 10.53 0.00 0.00
35.58 11.56 0.00 0.00
35.61 12.63 0.00 0.00
35.64 13.74 0.00 0.00
35.67 14.89 0.00 0.00
35.69 16.07 0.00 0.00
35.72 17.30 0.00 0.00
35.75 18.55 0.00 0.00
35.78 19.84 0.00 0.00
35.81 21.15 0.00 0.00
35.83 22.50 0.00 0.00
35.86 23.87 0.00 0.00
35.89 25.27 0.00 0.00
35.92 26.70 0.00 0.00
35.94 28.14 0.00 0.00
35.97 29.61 0.00 0.00
36.00 31.09 0.00 0.00
36.03 32.60 0.00 0.00
36.06 34.11 0.00 0.00
36.08 35.64 0.00 0.00
36.11 37.19 0.00 0.00
36.14 38.74 0.00 0.00
36.17 40.30 0.00 0.00
36.19 41.86 0.00 0.00
36.22 43.43 0.00 0.00
36.25 45.00 0.00 0.00
36.28 46.57 0.00 0.00
36.31 48.14 0.00 0.00
36.33 49.70 0.00 0.00
36.36 51.26 0.00 0.00
36.39 52.81 0.00 0.00
36.42 54.36 0.00 0.00
36.44 55.89 0.00 0.00
36.47 57.40 0.00 0.00
36.50 58.91 0.00 0.00
36.53 60.39 0.00 0.00
36.56 61.86 0.00 0.00
36.58 63.30 0.00 0.00
36.61 64.73 0.00 0.00
36.64 66.13 0.00 0.00
36.67 67.50 0.00 0.00
36.69 68.85 0.00 0.00
36.72 70.16 0.00 0.00
36.75 71.45 0.00 0.00
36.78 72.70 0.00 0.00
36.81 73.93 0.00 0.00
36.83 75.11 0.00 0.00
36.86 76.26 0.00 0.00
36.89 77.37 0.00 0.00
36.92 78.44 0.00 0.00
36.94 79.47 0.00 0.00
36.97 80.46 0.00 0.00
37.00 81.41 0.00 0.00
37.03 82.31 0.00 0.00
37.06 83.16 0.00 0.00
37.08 83.97 0.00 0.00
37.11 84.73 0.00 0.00
37.14 85.45 0.00 0.00
37.17 86.11 0.00 0.00
37.19 86.72 0.00 0.00
37.22 87.29 0.00 0.00
37.25 87.80 0.00 0.00
37.28 88.26 0.00 0.00
37.31 88.66 0.00 0.00
37.33 89.02 0.00 0.00
37.36 89.32 0.00 0.00
37.39 89.56 0.00 0.00
37.42 89.75 0.00 0.00
37.44 89.89 0.00 0.00
37.47 89.97 0.00 0.00
37.50 90.00 0.00 0.00
37.53 89.97 0.00 0.00
37.56 89.89 0.00 0.00
37.58 89.75 0.00 0.00
37.61 89.56 0.00 0.00
37.64 89.32 0.00 0.00
37.67 89.02 0.00 0.00
37.69 88.66 0.00 0.00
37.72 88.26 0.00 0.00
37.75 87.80 0.00 0.00
37.78 87.29 0.00 0.00
37.81 86.72 0.00 0.00
37.83 86.11 0.00 0.00
37.86 85.45 0.00 0.00
37.89 84.73 0.00 0.00
37.92 83.97 0.00 0.00
37.94 83.16 0.00 0.00
37.97 82.31 0.00 0.00
38.00 81.41 0.00 0.00
38.03 80.46 0.00 0.00
38.06 79.47 0.00 0.00
38.08 78.44 0.00 0.00
38.11 77.37 0.00 0.00
38.14 76.26 0.00 0.00
38.17 75.11 0.00 0.00
38.19 73.93 0.00 0.00
38.22 72.70 0.00 0.00
38.25 71.45 0.00 0.00
38.28 70.16 0.00 0.00
38.31 68.85 0.00 0.00
38.33 67.50 0.00 0.00
38.36 66.13 0.00 0.00
38.39 64.73 0.00 0.00
38.42 63.30 0.00 0.00
38.44 61.86 0.00 0.00
38.47 60.39 0.00 0.00
38.50 58.91 0.00 0.00
38.53 57.40 0.00 0.00
38.56 55.89 0.00 0.00
38.58 54.36 0.00 0.00
38.61 52.81 0.00 0.00
38.64 51.26 0.00 0.00
38.67 49.70 0.00 0.00
38.69 48.14 0.00 0.00
38.72 46.57 0.00 0.00
38.75 45.00 0.00 0.00
38.78 43.43 0.00 0.00
38.81 41.86 0.00 0.00
38.83 40.30 0.00 0.00
38.86 38.74 0.00 0.00
38.89 37.19 0.00 0.00
38.92 35.64 0.00 0.00
38.94 34.11 0.00 0.00
38.97 32.60 0.00 0.00
39.00 31.09 0.00 0.00
39.03 29.61 0.00 0.00
39.06 28.14 0.00 0.00
39.08 26.70 0.00 0.00
39.11 25.27 0.00 0.00
39.14 23.87 0.00 0.00
39.17 22.50 0.00 0.00
39.19 21.15 0.00 0.00
39.22 19.84 0.00 0.00
39.25 18.55 0.00 0.00
39.28 17.30 0.00 0.00
39.31 16.07 0.00 0.00
39.33 14.89 0.00 0.00
39.36 13.74 0.00 0.00
39.39 12.63 0.00 0.00
39.42 11.56 0.00 0.00
39.44 10.53 0.00 0.00
39.47 9.54 0.00 0.00
39.50 8.59 0.00 0.00
39.53 7.69 0.00 0.00
39.56 6.84 0.00 0.00
39.58 6.03 0.00 0.00
39.61 5.27 0.00 0.00
39.64 4.55 0.00 0.00
39.67 3.89 0.00 0.00
39.69 3.28 0.00 0.00
39.72 2.71 0.00 0.00
39.75 2.20 0.00 0.00
39.78 1.74 0.00 0.00
39.81 1.34 0.00 0.00
39.83 0.98 0.00 0.00
39.86 0.68 0.00 0.00
39.89 0.44 0.00 0.00
39.92 0.25 0.00 0.00
39.94 0.11 0.00 0.00
39.97 0.03 0.00 0.00
40.00 0.00 0.00 0.00
40.03 0.03 0.00 0.00
40.06 0.11 0.00 0.00
40.08 0.25 0.00 0.00
40.11 0.44 0.00 0.00
40.14 0.68 0.00 0.00
40.17 0.98 0.00 0.00
40.19 1.34 0.00 0.00
40.22 1.74 0.00 0.00
40.25 2.20 0.00 0.00
40.28 2.71 0.00 0.00
40.31 3.28 0.00 0.00
40.33 3.89 0.00 0.00
40.36 4.55 0.00 0.00
40.39 5.27 0.00 0.00
40.42 6.03 0.00 0.00
40.44 6.84 0.00 0.00
40.47 7.69 0.00 0.00
40.50 8.59 0.00 0.00
40.53 9.54 0.00 0.00
40.56 10.53 0.00 0.00
40.58 11.56 0.00 0.00
40.61 12.63 0.00 0.00
40.64 13.74 0.00 0.00
40.67 14.89 0.00 0.00
40.69 16.07 0.00 0.00
40.72 17.30 0.00 0.00
40.75 18.55 0.00 0.00
40.78 19.84 0.00 0.00
40.81 21.15 0.00 0.00
40.83 22.50 0.00 0.00
40.86 23.87 0.00 0.00
40.89 25.27 0.00 0.00
40.92 26.70 0.00 0.00
40.94 28.14 0.00 0.00
40.97 29.61 0.00 0.00
41.00 31.09 0.00 0.00
41.03 32.60 0.00 0.00
41.06 34.11 0.00 0.00
41.08 35.64 0.00 0.00
41.11 37.19 0.00 0.00
41.14 38.74 0.00 0.00
41.17 40.30 0.00 0.00
41.19 41.86 0.00 0.00
41.22 43.43 0.00 0.00
41.25 45.00 0.00 0.00
41.28 46.57 0.00 0.00
41.31 48.14 0.00 0.00
41.33 49.70 0.00 0.00
41.36 51.26 0.00 0.00
41.39 52.81 0.00 0.00
41.42 54.36 0.00 0.00
41.44 55.89 0.00 0.00
41.47 57.40 0.00 0.00
41.50 58.91 0.00 0.00
41.53 60.39 0.00 0.00
41.56 61.86 0.00 0.00
41.58 63.30 0.00 0.00
41.61 64.73 0.00 0.00
41.64 66.13 0.00 0.00
41.67 67.50 0.00 0.00
41.69 68.85 0.00 0.00
41.72 70.16 0.00 0.00
41.75 71.45 0.00 0.00
41.78 72.70 0.00 0.00
41.81 73.93 0.00 0.00
41.83 75.11 0.00 0.00
41.86 76.26 0.00 0.00
41.89 77.37 0.00 0.00
41.92 78.44 0.00 0.00
41.94 79.47 0.00 0.00
41.97 80.46 0.00 0.00
42.00 81.41 0.00 0.00
42.03 82.31 0.00 0.00
42.06 83.16 0.00 0.00
42.08 83.97 0.00 0.00
42.11 84.73 0.00 0.00
42.14 85.45 0.00 0.00
42.17 86.11 0.00 0.00
42.19 86.72 0.00 0.00
42.22 87.29 0.00 0.00
42.25 87.80 0.00 0.00
42.28 88.26 0.00 0.00
42.31 88.66 0.00 0.00
42.33 89.02 0.00 0.00
42.36 89.32 0.00 0.00
42.39 89.56 0.00 0.00
42.42 89.75 0.00 0.00
42.44 89.89 0.00 0.00
42.47 89.97 0.00 0.00
42.50 90.00 0.00 0.00
42.53 89.97 0.00 0.00
42.56 89.89 0.00 0.00
42.58 89.75 0.00 0.00
42.61 89.56 0.00 0.00
42.64 89.32 0.00 0.00
42.67 89.02 0.00 0.00
42.69 88.66 0.00 0.00
42.72 88.26 0.00 0.00
42.75 87.80 0.00 0.00
42.78 87.29 0.00 0.00
42.81 86.72 0.00 0.00
42.83 86.11 0.00 0.00
42.86 85.45 0.00 0.00
42.89 84.73 0.00 0.00
42.92 83.97 0.00 0.00
42.94 83.16 0.00 0.00
42.97 82.31 0.00 0.00
43.00 81.41 0.00 0.00
43.03 80.46 0.00 0.00
43.06 79.47 0.00 0.00
43.08 78.44 0.00 0.00
43.11 77.37 0.00 0.00
43.14 76.26 0.00 0.00
43.17 75.11 0.00 0.00
43.19 73.93 0.00 0.00
43.22 72.70 0.00 0.00
43.25 71.45 0.00 0.00
43.28 70.16 0.00 0.00
43.31 68.85 0.00 0.00
43.33 67.50 0.00 0.00
43.36 66.13 0.00 0.00
43.39 64.73 0.00 0.00
43.42 63.30 0.00 0.00
43.44 61.86 0.00 0.00
43.47 60.39 0.00 0.00
43.50 58.91 0.00 0.00
43.53 57.40 0.00 0.00
43.56 55.89 0.00 0.00
43.58 54.36 0.00 0.00
43.61 52.81 0.00 0.00
43.64 51.26 0.00 0.00
43.67 49.70 0.00 0.00
43.69 48.14 0.00 0.00
43.72 46.57 0.00 0.00
43.75 45.00 0.00 0.00
43.78 43.43 0.00 0.00
43.81 41.86 0.00 0.00
43.83 40.30 0.00 0.00
43.86 38.74 0.00 0.00
43.89 37.19 0.00 0.00
43.92 35.64 0.00 0.00
43.94 34.11 0.00 0.00
43.97 32.60 0.00 0.00
44.00 31.09 0.00 0.00
44.03 29.61 0.00 0.00
44.06 28.14 0.00 0.00
44.08 26.70 0.00 0.00
44.11 25.27 0.00 0.00
44.14 23.87 0.00 0.00
44.17 22.50 0.00 0.00
44.19 21.15 0.00 0.00
44.22 19.84 0.00 0.00
44.25 18.55 0.00 0.00
44.28 17.30 0.00 0.00
44.31 16.07 0.00 0.00
44.33 14.89 0.00 0.00
44.36 13.74 0.00 0.00
44.39 12.63 0.00 0.00
44.42 11.56 0.00 0.00
44.44 10.53 0.00 0.00
44.47 9.54 0.00 0.00
44.50 8.59 0.00 0.00
44.53 7.69 0.00 0.00
44.56 6.84 0.00 0.00
44.58 6.03 0.00 0.00
44.61 5.27 0.00 0.00
44.64 4.55 0.00 0.00
44.67 3.89 0.00 0.00
44.69 3.28 0.00 0.00
44.72 2.71 0.00 0.00
44.75 2.20 0.00 0.00
44.78 1.74 0.00 0.00
44.81 1.34 0.00 0.00
44.83 0.98 0.00 0.00
44.86 0.68 0.00 0.00
44.89 0.44 0.00 0.00
44.92 0.25 0.00 0.00
44.94 0.11 0.00 0.00
44.97 0.03 0.00 0.00
45.00 0.00 0.00 0.00
45.03 0.03 0.00 0.00
45.06 0.11 0.00 0.00
45.08 0.25 0.00 0.00
45.11 0.44 0.00 0.00
45.14 0.68 0.00 0.00
45.17 0.98 0.00 0.00
45.19 1.34 0.00 0.00
45.22 1.74 0.00 0.00
45.25 2.20 0.00 0.00
45.28 2.71 0.00 0.00
45.31 3.28 0.00 0.00
45.33 3.89 0.00 0.00
45.36 4.55 0.00 0.00
45.39 5.27 0.00 0.00
45.42 6.03 0.00 0.00
45.44 6.84 0.00 0.00
45.47 7.69 0.00 0.00
45.50 8.59 0.00 0.00
45.53 9.54 0.00 0.00
45.56 10.53 0.00 0.00
45.58 11.56 0.00 0.00
45.61 12.63 0.00 0.00
45.64 13.74 0.00 0.00
45.67 14.89 0.00 0.00
45.69 16.07 0.00 0.00
45.72 17.30 0.00 0.00
45.75 18.55 0.00 0.00
45.78 19.84 0.00 0.00
45.81 21.15 0.00 0.00
45.83 22.50 0.00 0.00
45.86 23.87 0.00 0.00
45.89 25.27 0.00 0.00
45.92 26.70 0.00 0.00
45.94 28.14 0.00 0.00
45.97 29.61 0.00 0.00
46.00 31.09 0.00 0.00
46.03 32.60 0.00 0.00
46.06 34.11 0.00 0.00
46.08 35.64 0.00 0.00
46.11 37.19 0.00 0.00
46.14 38.74 0.00 0.00
46.17 40.30 0.00 0.00
46.19 41.86 0.00 0.00
46.22 43.43 0.00 0.00
46.25 45.00 0.00 0.00
46.28 46.57 0.00 0.00
46.31 48.14 0.00 0.00
46.33 49.70 0.00 0.00
46.36 51.26 0.00 0.00
46.39 52.81 0.00 0.00
46.42 54.36 0.00 0.00
46.44 55.89 0.00 0.00
46.47 57.40 0.00 0.00
46.50 58.91 0.00 0.00
46.53 60.39 0.00 0.00
46.56 61.86 0.00 0.00
46.58 63.30 0.00 0.00
46.61 64.73 0.00 0.00
46.64 66.13 0.00 0.00
46.67 67.50 0.00 0.00
46.69 68.85 0.00 0.00
46.72 70.16 0.00 0.00
46.75 71.45 0.00 0.00
46.78 72.70 0.00 0.00
46.81 73.93 0.00 0.00
46.83 75.11 0.00 0.00
46.86 76.26 0.00 0.00
46.89 77.37 0.00 0.00
46.92 78.44 0.00 0.00
46.94 79.47 0.00 0.00
46.97 80.46 0.00 0.00
47.00 81.41 0.00 0.00
47.03 82.31 0.00 0.00
47.06 83.16 0.00 0.00
47.08 83.97 0.00 0.00
47.11 84.73 0.00 0.00
47.14 85.45 0.00 0.00
47.17 86.11 0.00 0.00
47.19 86.72 0.00 0.00
47.22 87.29 0.00 0.00
47.25 87.80 0.00 0.00
47.28 88.26 0.00 0.00
47.31 88.66 0.00 0.00
47.33 89.02 0.00 0.00
47.36 89.32 0.00 0.00
47.39 89.56 0.00 0.00
47.42 89.75 0.00 0.00
47.44 89.89 0.00 0.00
47.47 89.97 0.00 0.00
47.50 90.00 0.00 0.00
47.53 89.97 0.00 0.00
47.56 89.89 0.00 0.00
47.58 89.75 0.00 0.00
47.61 89.56 0.00 0.00
47.64 89.32 0.00 0.00
47.67 89.02 0.00 0.00
47.69 88.66 0.00 0.00
47.72 88.26 0.00 0.00
47.75 87.80 0.00 0.00
47.78 87.29 0.00 0.00
47.81 86.72 0.00 0.00
47.83 86.11 0.00 0.00
47.86 85.45 0.00 0.00
47.89 84.73 0.00 0.00
47.92 83.97 0.00 0.00
47.94 83.16 0.00 0.00
47.97 82.31 0.00 0.00
48.00 81.41 0.00 0.00
48.03 80.46 0.00 0.00
48.06 79.47 0.00 0.00
48.08 78.44 0.00 0.00
48.11 77.37 0.00 0.00
48.14 76.26 0.00 0.00
48.17 75.11 0.00 0.00
48.19 73.93 0.00 0.00
48.22 72.70 0.00 0.00
48.25 71.45 0.00 0.00
48.28 70.16 0.00 0.00
48.31 68.85 0.00 0.00
48.33 67.50 0.00 0.00
48.36 66.13 0.00 0.00
48.39 64.73 0.00 0.00
48.42 63.30 0.00 0.00
48.44 61.86 0.00 0.00
48.47 60.39 0.00 0.00
48.50 58.91 0.00 0.00
48.53 57.40 0.00 0.00
48.56 55.89 0.00 0.00
48.58 54.36 0.00 0.00
48.61 52.81 0.00 0.00
48.64 51.26 0.00 0.00
48.67 49.70 0.00 0.00
48.69 48.14 0.00 0.00
48.72 46.57 0.00 0.00
48.75 45.00 0.00 0.00
48.78 43.43 0.00 0.00
48.81 41.86 0.00 0.00
48.83 40.30 0.00 0.00
48.86 38.74 0.00 0.00
48.89 37.19 0.00 0.00
48.92 35.64 0.00 0.00
48.94 34.11 0.00 0.00
48.97 32.60 0.00 0.00
49.00 31.09 0.00 0.00
49.03 29.61 0.00 0.00
49.06 28.14 0.00 0.00
49.08 26.70 0.00 0.00
49.11 25.27 0.00 0.00
49.14 23.87 0.00 0.00
49.17 22.50 0.00 0.00
49.19 21.15 0.00 0.00
49.22 19.84 0.00 0.00
49.25 18.55 0.00 0.00
49.28 17.30 0.00 0.00
49.31 16.07 0.00 0.00
49.33 14.89 0.00 0.00
49.36 13.74 0.00 0.00
49.39 12.63 0.00 0.00
49.42 11.56 0.00 0.00
49.44 10.53 0.00 0.00
49.47 9.54 0.00 0.00
49.50 8.59 0.00 0.00
49.53 7.69 0.00 0.00
49.56 6.84 0.00 0.00
49.58 6.03 0.00 0.00
49.61 5.27 0.00 0.00
49.64 4.55 0.00 0.00
49.67 3.89 0.00 0.00
49.69 3.28 0.00 0.00
49.72 2.71 0.00 0.00
49.75 2.20 0.00 0.00
49.78 1.74 0.00 0.00
49.81 1.34 0.00 0.00
49.83 0.98 0.00 0.00
49.86 0.68 0.00 0.00
49.89 0.44 0.00 0.00
49.92 0.25 0.00 0.00
49.94 0.11 0.00 0.00
49.97 0.03 0.00 0.00
50.00 0.00 0.00 0.00
50.03 0.03 0.00 0.00
50.06 0.11 0.00 0.00
50.08 0.25 0.00 0.00
50.11 0.44 0.00 0.00
50.14 0.68 0.00 0.00
50.17 0.98 0.00 0.00
50.19 1.34 0.00 0.00
50.22 1.74 0.00 0.00
50.25 2.20 0.00 0.00
50.28 2.71 0.00 0.00
50.31 3.28 0.00 0.00
50.33 3.89 0.00 0.00
50.36 4.55 0.00 0.00
50.39 5.27 0.00 0.00
50.42 6.03 0.00 0.00
50.44 6.84 0.00 0.00
50.47 7.69 0.00 0.00
50.50 8.59 0.00 0.00
50.53 9.54 0.00 0.00
50.56 10.53 0.00 0.00
50.58 11.56 0.00 0.00
50.61 12.63 0.00 0.00
50.64 13.74 0.00 0.00
50.67 14.89 0.00 0.00
50.69 16.07 0.00 0.00
50.72 17.30 0.00 0.00
50.75 18.55 0.00 0.00
50.78 19.84 0.00 0.00
50.81 21.15 0.00 0.00
50.83 22.50 0.00 0.00
50.86 23.87 0.00 0.00
50.89 25.27 0.00 0.00
50.92 26.70 0.00 0.00
50.94 28.14 0.00 0.00
50.97 29.61 0.00 0.00
51.00 31.09 0.00 0.00
51.03 32.60 0.00 0.00
51.06 34.11 0.00 0.00
51.08 35.64 0.00 0.00
51.11 37.19 0.00 0.00
51.14 38.74 0.00 0.00
51.17 40.30 0.00 0.00
51.19 41.86 0.00 0.00
51.22 43.43 0.00 0.00
51.25 45.00 0.00 0.00
51.28 46.57 0.00 0.00
51.31 48.14 0.00 0.00
51.33 49.70 0.00 0.00
51.36 51.26 0.00 0.00
51.39 52.81 0.00 0.00
51.42 54.36 0.00 0.00
51.44 55.89 0.00 0.00
51.47 57.40 0.00 0.00
51.50 58.91 0.00 0.00
51.53 60.39 0.00 0.00
51.56 61.86 0.00 0.00
51.58 63.30 0.00 0.00
51.61 64.73 0.00 0.00
51.64 66.13 0.00 0.00
51.67 67.50 0.00 0.00
51.69 68.85 0.00 0.00
51.72 70.16 0.00 0.00
51.75 71.45 0.00 0.00
51.78 72.70 0.00 0.00
51.81 73.93 0.00 0.00
51.83 75.11 0.00 0.00
51.86 76.26 0.00 0.00
51.89 77.37 0.00 0.00
51.92 78.44 0.00 0.00
51.94 79.47 0.00 0.00
51.97 80.46 0.00 0.00
52.00 81.41 0.00 0.00
52.03 82.31 0.00 0.00
52.06 83.16 0.00 0.00
52.08 83.97 0.00 0.00
52.11 84.73 0.00 0.00
52.14 85.45 0.00 0.00
52.17 86.11 0.00 0.00
52.19 86.72 0.00 0.00
52.22 87.29 0.00 0.00
52.25 87.80 0.00 0.00
52.28 88.26 0.00 0.00
52.31 88.66 0.00 0.00
52.33 89.02 0.00 0.00
52.36 89.32 0.00 0.00
52.39 89.56 0.00 0.00
52.42 89.75 0.00 0.00
52.44 89.89 0.00 0.00
52.47 89.97 0.00 0.00
52.50 90.00 0.00 0.00
52.53 89.97 0.00 0.00
52.56 89.89 0.00 0.00
52.58 89.75 0.00 0.00
52.61 89.56 0.00 0.00
52.64 89.32 0.00 0.00
52.67 89.02 0.00 0.00
52.69 88.66 0.00 0.00
52.72 88.26 0.00 0.00
52.75 87.80 0.00 0.00
52.78 87.29 0.00 0.00
52.81 86.72 0.00 0.00
52.83 86.11 0.00 0.00
52.86 85.45 0.00 0.00
52.89 84.73 0.00 0.00
52.92 83.97 0.00 0.00
52.94 83.16 0.00 0.00
52.97 82.31 0.00 0.00
53.00 81.41 0.00 0.00
53.03 80.46 0.00 0.00
53.06 79.47 0.00 0.00
53.08 78.44 0.00 0.00
53.11 77.37 0.00 0.00
53.14 76.26 0.00 0.00
53.17 75.11 0.00 0.00
53.19 73.93 0.00 0.00
53.22 72.70 0.00 0.00
53.25 71.45 0.00 0.00
53.28 70.16 0.00 0.00
53.31 68.85 0.00 0.00
53.33 67.50 0.00 0.00
53.36 66.13 0.00 0.00
53.39 64.73 0.00 0.00
53.42 63.30 0.00 0.00
53.44 61.86 0.00 0.00
53.47 60.39 0.00 0.00
53.50 58.91 0.00 0.00
53.53 57.40 0.00 0.00
53.56 55.89 0.00 0.00
53.58 54.36 0.00 0.00
53.61 52.81 0.00 0.00
53.64 51.26 0.00 0.00
53.67 49.70 0.00 0.00
53.69 48.14 0.00 0.00
53.72 46.57 0.00 0.00
53.75 45.00 0.00 0.00
53.78 43.43 0.00 0.00
53.81 41.86 0.00 0.00
53.83 40.30 0.00 0.00
53.86 38.74 0.00 0.00
53.89 37.19 0.00 0.00
53.92 35.64 0.00 0.00
53.94 34.11 0.00 0.00
53.97 32.60 0.00 0.00
54.00 31.09 0.00 0.00
54.03 29.61 0.00 0.00
54.06 28.14 0.00 0.00
54.08 26.70 0.00 0.00
54.11 25.27 0.00 0.00
54.14 23.87 0.00 0.00
54.17 22.50 0.00 0.00
54.19 21.15 0.00 0.00
54.22 19.84 0.00 0.00
54.25 18.55 0.00 0.00
54.28 17.30 0.00 0.00
54.31 16.07 0.00 0.00
54.33 14.89 0.00 0.00
54.36 13.74 0.00 0.00
54.39 12.63 0.00 0.00
54.42 11.56 0.00 0.00
54.44 10.53 0.00 0.00
54.47 9.54 0.00 0.00
54.50 8.59 0.00 0.00
54.53 7.69 0.00 0.00
54.56 6.84 0.00 0.00
54.58 6.03 0.00 0.00
54.61 5.27 0.00 0.00
54.64 4.55 0.00 0.00
54.67 3.89 0.00 0.00
54.69 3.28 0.00 0.00
54.72 2.71 0.00 0.00
54.75 2.20 0.00 0.00
54.78 1.74 0.00 0.00
54.81 1.34 0.00 0.00
54.83 0.98 0.00 0.00
54.86 0.68 0.00 0.00
54.89 0.44 0.00 0.00
54.92 0.25 0.00 0.00
54.94 0.11 0.00 0.00
54.97 0.03 0.00 0.00
55.00 0.00 0.00 0.00
55.03 0.03 0.00 0.00
55.06 0.11 0.00 0.00
55.08 0.25 0.00 0.00
55.11 0.44 0.00 0.00
55.14 0.68 0.00 0.00
55.17 0.98 0.00 0.00
55.19 1.34 0.00 0.00
55.22 1.74 0.00 0.00
55.25 2.20 0.00 0.00
55.28 2.71 0.00 0.00
55.31 3.28 0.00 0.00
55.33 3.89 0.00 0.00
55.36 4.55 0.00 0.00
55.39 5.27 0.00 0.00
55.42 6.03 0.00 0.00
55.44 6.84 0.00 0.00
55.47 7.69 0.00 0.00
55.50 8.59 0.00 0.00
55.53 9.54 0.00 0.00
55.56 10.53 0.00 0.00
55.58 11.56 0.00 0.00
55.61 12.63 0.00 0.00
55.64 13.74 0.00 0.00
55.67 14.89 0.00 0.00
55.69 16.07 0.00 0.00
55.72 17.30 0.00 0.00
55.75 18.55 0.00 0.00
55.78 19.84 0.00 0.00
55.81 21.15 0.00 0.00
55.83 22.50 0.00 0.00
55.86 23.87 0.00 0.00
55.89 25.27 0.00 0.00
55.92 26.70 0.00 0.00
55.94 28.14 0.00 0.00
55.97 29.61 0.00 0.00
56.00 31.09 0.00 0.00
56.03 32.60 0.00 0.00
56.06 34.11 0.00 0.00
56.08 35.64 0.00 0.00
56.11 37.19 0.00 0.00
56.14 38.74 0.00 0.00
56.17 40.30 0.00 0.00
56.19 41.86 0.00 0.00
56.22 43.43 0.00 0.00
56.25 45.00 0.00 0.00
56.28 46.57 0.00 0.00
56.31 48.14 0.00 0.00
56.33 49.70 0.00 0.00
56.36 51.26 0.00 0.00
56.39 52.81 0.00 0.00
56.42 54.36 0.00 0.00
56.44 55.89 0.00 0.00
56.47 57.40 0.00 0.00
56.50 58.91 0.00 0.00
56.53 60.39 0.00 0.00
56.56 61.86 0.00 0.00
56.58 63.30 0.00 0.00
56.61 64.73 0.00 0.00
56.64 66.13 0.00 0.00
56.67 67.50 0.00 0.00
56.69 68.85 0.00 0.00
56.72 70.16 0.00 0.00
56.75 71.45 0.00 0.00
56.78 72.70 0.00 0.00
56.81 73.93 0.00 0.00
56.83 75.11 0.00 0.00
56.86 76.26 0.00 0.00
56.89 77.37 0.00 0.00
56.92 78.44 0.00 0.00
56.94 79.47 0.00 0.00
56.97 80.46 0.00 0.00
57.00 81.41 0.00 0.00
57.03 82.31 0.00 0.00
57.06 83.16 0.00 0.00
57.08 83.97 0.00 0.00
57.11 84.73 0.00 0.00
57.14 85.45 0.00 0.00
57.17 86.11 0.00 0.00
57.19 86.72 0.00 0.00
57.22 87.29 0.00 0.00
57.25 87.80 0.00 0.00
57.28 88.26 0.00 0.00
57.31 88.66 0.00 0.00
57.33 89.02 0.00 0.00
57.36 89.32 0.00 0.00
57.39 89.56 0.00 0.00
57.42 89.75 0.00 0.00
57.44 89.89 0.00 0.00
57.47 89.97 0.00 0.00
57.50 90.00 0.00 0.00
57.53 89.97 0.00 0.00
57.56 89.89 0.00 0.00
57.58 89.75 0.00 0.00
57.61 89.56 0.00 0.00
57.64 89.32 0.00 0.00
57.67 89.02 0.00 0.00
57.69 88.66 0.00 0.00
57.72 88.26 0.00 0.00
57.75 87.80 0.00 0.00
57.78 87.29 0.00 0.00
57.81 86.72 0.00 0.00
57.83 86.11 0.00 0.00
57.86 85.45 0.00 0.00
57.89 84.73 0.00 0.00
57.92 83.97 0.00 0.00
57.94 83.16 0.00 0.00
57.97 82.31 0.00 0.00
58.00 81.41 0.00 0.00
58.03 80.46 0.00 0.00
58.06 79.47 0.00 0.00
58.08 78.44 0.00 0.00
58.11 77.37 0.00 0.00
58.14 76.26 0.00 0.00
58.17 75.11 0.00 0.00
58.19 73.93 0.00 0.00
58.22 72.70 0.00 0.00
58.25 71.45 0.00 0.00
58.28 70.16 0.00 0.00
58.31 68.85 0.00 0.00
58.33 67.50 0.00 0.00
58.36 66.13 0.00 0.00
58.39 64.73 0.00 0.00
58.42 63.30 0.00 0.00
58.44 61.86 0.00 0.00
58.47 60.39 0.00 0.00
58.50 58.91 0.00 0.00
58.53 57.40 0.00 0.00
58.56 55.89 0.00 0.00
58.58 54.36 0.00 0.00
58.61 52.81 0.00 0.00
58.64 51.26 0.00 0.00
58.67 49.70 0.00 0.00
58.69 48.14 0.00 0.00
58.72 46.57 0.00 0.00
58.75 45.00 0.00 0.00
58.78 43.43 0.00 0.00
58.81 41.86 0.00 0.00
58.83 40.30 0.00 0.00
58.86 38.74 0.00 0.00
58.89 37.19 0.00 0.00
58.92 35.64 0.00 0.00
58.94 34.11 0.00 0.00
58.97 32.60 0.00 0.00
59.00 31.09 0.00 0.00
59.03 29.61 0.00 0.00
59.06 28.14 0.00 0.00
59.08 26.70 0.00 0.00
59.11 25.27 0.00 0.00
59.14 23.87 0.00 0.00
59.17 22.50 0.00 0.00
59.19 21.15 0.00 0.00
59.22 19.84 0.00 0.00
59.25 18.55 0.00 0.00
59.28 17.30 0.00 0.00
59.31 16.07 0.00 0.00
59.33 14.89 0.00 0.00
59.36 13.74 0.00 0.00
59.39 12.63 0.00 0.00
59.42 11.56 0.00 0.00
59.44 10.53 0.00 0.00
59.47 9.54 0.00 0.00
59.50 8.59 0.00 0.00
59.53 7.69 0.00 0.00
59.56 6.84 0.00 0.00
59.58 6.03 0.00 0.00
59.61 5.27 0.00 0.00
59.64 4.55 0.00 0.00
59.67 3.89 0.00 0.00
59.69 3.28 0.00 0.00
59.72 2.71 0.00 0.00
59.75 2.20 0.00 0.00
59.78 1.74 0.00 0.00
59.81 1.34 0.00 0.00
59.83 0.98 0.00 0.00
59.86 0.68 0.00 0.00
59.89 0.44 0.00 0.00
59.92 0.25 0.00 0.00
59.94 0.11 0.00 0.00
59.97 0.03 0.00 0.00
60.00 0.00 0.00 0.00
