0.00 0.00 0.00 0.00
0.01 0.03 0.00 0.00
0.01 0.11 0.00 0.00
0.02 0.25 0.00 0.00
0.02 0.44 0.00 0.00
0.03 0.68 0.00 0.00
0.03 0.98 0.00 0.00
0.04 1.34 0.00 0.00
0.04 1.74 0.00 0.00
0.05 2.20 0.00 0.00
0.06 2.71 0.00 0.00
0.06 3.28 0.00 0.00
0.07 3.89 0.00 0.00
0.07 4.55 0.00 0.00
0.08 5.27 0.00 0.00
0.08 6.03 0.00 0.00
0.09 6.84 0.00 0.00
0.09 7.69 0.00 0.00
0.10 8.59 0.00 0.00
0.11 9.54 0.00 0.00
0.11 10.53 0.00 0.00
0.12 11.56 0.00 0.00
0.12 12.63 0.00 0.00
0.13 13.74 0.00 0.00
0.13 14.89 0.00 0.00
0.14 16.07 0.00 0.00
0.14 17.30 0.00 0.00
0.15 18.55 0.00 0.00
0.16 19.84 0.00 0.00
0.16 21.15 0.00 0.00
0.17 22.50 0.00 0.00
0.17 23.87 0.00 0.00
0.18 25.27 0.00 0.00
0.18 26.70 0.00 0.00
0.19 28.14 0.00 0.00
0.19 29.61 0.00 0.00
0.20 31.09 0.00 0.00
0.21 32.60 0.00 0.00
0.21 34.11 0.00 0.00
0.22 35.64 0.00 0.00
0.22 37.19 0.00 0.00
0.23 38.74 0.00 0.00
0.23 40.30 0.00 0.00
0.24 41.86 0.00 0.00
0.24 43.43 0.00 0.00
0.25 45.00 0.00 0.00
0.26 46.57 0.00 0.00
0.26 48.14 0.00 0.00
0.27 49.70 0.00 0.00
0.27 51.26 0.00 0.00
0.28 52.81 0.00 0.00
0.28 54.36 0.00 0.00
0.29 55.89 0.00 0.00
0.29 57.40 0.00 0.00
0.30 58.91 0.00 0.00
0.31 60.39 0.00 0.00
0.31 61.86 0.00 0.00
0.32 63.30 0.00 0.00
0.32 64.73 0.00 0.00
0.33 66.13 0.00 0.00
0.33 67.50 0.00 0.00
0.34 68.85 0.00 0.00
0.34 70.16 0.00 0.00
0.35 71.45 0.00 0.00
0.36 72.70 0.00 0.00
0.36 73.93 0.00 0.00
0.37 75.11 0.00 0.00
0.37 76.26 0.00 0.00
0.38 77.37 0.00 0.00
0.38 78.44 0.00 0.00
0.39 79.47 0.00 0.00
0.39 80.46 0.00 0.00
0.40 81.41 0.00 0.00
0.41 82.31 0.00 0.00
0.41 83.16 0.00 0.00
0.42 83.97 0.00 0.00
0.42 84.73 0.00 0.00
0.43 85.45 0.00 0.00
0.43 86.11 0.00 0.00
0.44 86.72 0.00 0.00
0.44 87.29 0.00 0.00
0.45 87.80 0.00 0.00
0.46 88.26 0.00 0.00
0.46 88.66 0.00 0.00
0.47 89.02 0.00 0.00
0.47 89.32 0.00 0.00
0.48 89.56 0.00 0.00
0.48 89.75 0.00 0.00
0.49 89.89 0.00 0.00
0.49 89.97 0.00 0.00
0.50 90.00 0.00 0.00
0.51 89.97 0.00 0.00
0.51 89.89 0.00 0.00
0.52 89.75 0.00 0.00
0.52 89.56 0.00 0.00
0.53 89.32 0.00 0.00
0.53 89.02 0.00 0.00
0.54 88.66 0.00 0.00
0.54 88.26 0.00 0.00
0.55 87.80 0.00 0.00
0.56 87.29 0.00 0.00
0.56 86.72 0.00 0.00
0.57 86.11 0.00 0.00
0.57 85.45 0.00 0.00
0.58 84.73 0.00 0.00
0.58 83.97 0.00 0.00
0.59 83.16 0.00 0.00
0.59 82.31 0.00 0.00
0.60 81.41 0.00 0.00
0.61 80.46 0.00 0.00
0.61 79.47 0.00 0.00
0.62 78.44 0.00 0.00
0.62 77.37 0.00 0.00
0.63 76.26 0.00 0.00
0.63 75.11 0.00 0.00
0.64 73.93 0.00 0.00
0.64 72.70 0.00 0.00
0.65 71.45 0.00 0.00
0.66 70.16 0.00 0.00
0.66 68.85 0.00 0.00
0.67 67.50 0.00 0.00
0.67 66.13 0.00 0.00
0.68 64.73 0.00 0.00
0.68 63.30 0.00 0.00
0.69 61.86 0.00 0.00
0.69 60.39 0.00 0.00
0.70 58.91 0.00 0.00
0.71 57.40 0.00 0.00
0.71 55.89 0.00 0.00
0.72 54.36 0.00 0.00
0.72 52.81 0.00 0.00
0.73 51.26 0.00 0.00
0.73 49.70 0.00 0.00
0.74 48.14 0.00 0.00
0.74 46.57 0.00 0.00
0.75 45.00 0.00 0.00
0.76 43.43 0.00 0.00
0.76 41.86 0.00 0.00
0.77 40.30 0.00 0.00
0.77 38.74 0.00 0.00
0.78 37.19 0.00 0.00
0.78 35.64 0.00 0.00
0.79 34.11 0.00 0.00
0.79 32.60 0.00 0.00
0.80 31.09 0.00 0.00
0.81 29.61 0.00 0.00
0.81 28.14 0.00 0.00
0.82 26.70 0.00 0.00
0.82 25.27 0.00 0.00
0.83 23.87 0.00 0.00
0.83 22.50 0.00 0.00
0.84 21.15 0.00 0.00
0.84 19.84 0.00 0.00
0.85 18.55 0.00 0.00
0.86 17.30 0.00 0.00
0.86 16.07 0.00 0.00
0.87 14.89 0.00 0.00
0.87 13.74 0.00 0.00
0.88 12.63 0.00 0.00
0.88 11.56 0.00 0.00
0.89 10.53 0.00 0.00
0.89 9.54 0.00 0.00
0.90 8.59 0.00 0.00
0.91 7.69 0.00 0.00
0.91 6.84 0.00 0.00
0.92 6.03 0.00 0.00
0.92 5.27 0.00 0.00
0.93 4.55 0.00 0.00
0.93 3.89 0.00 0.00
0.94 3.28 0.00 0.00
0.94 2.71 0.00 0.00
0.95 2.20 0.00 0.00
0.96 1.74 0.00 0.00
0.96 1.34 0.00 0.00
0.97 0.98 0.00 0.00
0.97 0.68 0.00 0.00
0.98 0.44 0.00 0.00
0.98 0.25 0.00 0.00
0.99 0.11 0.00 0.00
0.99 0.03 0.00 0.00
1.00 0.00 0.00 0.00
1.01 0.03 0.00 0.00
1.01 0.11 0.00 0.00
1.02 0.25 0.00 0.00
1.02 0.44 0.00 0.00
1.03 0.68 0.00 0.00
1.03 0.98 0.00 0.00
1.04 1.34 0.00 0.00
1.04 1.74 0.00 0.00
1.05 2.20 0.00 0.00
1.06 2.71 0.00 0.00
1.06 3.28 0.00 0.00
1.07 3.89 0.00 0.00
1.07 4.55 0.00 0.00
1.08 5.27 0.00 0.00
1.08 6.03 0.00 0.00
1.09 6.84 0.00 0.00
1.09 7.69 0.00 0.00
1.10 8.59 0.00 0.00
1.11 9.54 0.00 0.00
1.11 10.53 0.00 0.00
1.12 11.56 0.00 0.00
1.12 12.63 0.00 0.00
1.13 13.74 0.00 0.00
1.13 14.89 0.00 0.00
1.14 16.07 0.00 0.00
1.14 17.30 0.00 0.00
1.15 18.55 0.00 0.00
1.16 19.84 0.00 0.00
1.16 21.15 0.00 0.00
1.17 22.50 0.00 0.00
1.17 23.87 0.00 0.00
1.18 25.27 0.00 0.00
1.18 26.70 0.00 0.00
1.19 28.14 0.00 0.00
1.19 29.61 0.00 0.00
1.20 31.09 0.00 0.00
1.21 32.60 0.00 0.00
1.21 34.11 0.00 0.00
1.22 35.64 0.00 0.00
1.22 37.19 0.00 0.00
1.23 38.74 0.00 0.00
1.23 40.30 0.00 0.00
1.24 41.86 0.00 0.00
1.24 43.43 0.00 0.00
1.25 45.00 0.00 0.00
1.26 46.57 0.00 0.00
1.26 48.14 0.00 0.00
1.27 49.70 0.00 0.00
1.27 51.26 0.00 0.00
1.28 52.81 0.00 0.00
1.28 54.36 0.00 0.00
1.29 55.89 0.00 0.00
1.29 57.40 0.00 0.00
1.30 58.91 0.00 0.00
1.31 60.39 0.00 0.00
1.31 61.86 0.00 0.00
1.32 63.30 0.00 0.00
1.32 64.73 0.00 0.00
1.33 66.13 0.00 0.00
1.33 67.50 0.00 0.00
1.34 68.85 0.00 0.00
1.34 70.16 0.00 0.00
1.35 71.45 0.00 0.00
1.36 72.70 0.00 0.00
1.36 73.93 0.00 0.00
1.37 75.11 0.00 0.00
1.37 76.26 0.00 0.00
1.38 77.37 0.00 0.00
1.38 78.44 0.00 0.00
1.39 79.47 0.00 0.00
1.39 80.46 0.00 0.00
1.40 81.41 0.00 0.00
1.41 82.31 0.00 0.00
1.41 83.16 0.00 0.00
1.42 83.97 0.00 0.00
1.42 84.73 0.00 0.00
1.43 85.45 0.00 0.00
1.43 86.11 0.00 0.00
1.44 86.72 0.00 0.00
1.44 87.29 0.00 0.00
1.45 87.80 0.00 0.00
1.46 88.26 0.00 0.00
1.46 88.66 0.00 0.00
1.47 89.02 0.00 0.00
1.47 89.32 0.00 0.00
1.48 89.56 0.00 0.00
1.48 89.75 0.00 0.00
1.49 89.89 0.00 0.00
1.49 89.97 0.00 0.00
1.50 90.00 0.00 0.00
1.51 89.97 0.00 0.00
1.51 89.89 0.00 0.00
1.52 89.75 0.00 0.00
1.52 89.56 0.00 0.00
1.53 89.32 0.00 0.00
1.53 89.02 0.00 0.00
1.54 88.66 0.00 0.00
1.54 88.26 0.00 0.00
1.55 87.80 0.00 0.00
1.56 87.29 0.00 0.00
1.56 86.72 0.00 0.00
1.57 86.11 0.00 0.00
1.57 85.45 0.00 0.00
1.58 84.73 0.00 0.00
1.58 83.97 0.00 0.00
1.59 83.16 0.00 0.00
1.59 82.31 0.00 0.00
1.60 81.41 0.00 0.00
1.61 80.46 0.00 0.00
1.61 79.47 0.00 0.00
1.62 78.44 0.00 0.00
1.62 77.37 0.00 0.00
1.63 76.26 0.00 0.00
1.63 75.11 0.00 0.00
1.64 73.93 0.00 0.00
1.64 72.70 0.00 0.00
1.65 71.45 0.00 0.00
1.66 70.16 0.00 0.00
1.66 68.85 0.00 0.00
1.67 67.50 0.00 0.00
1.67 66.13 0.00 0.00
1.68 64.73 0.00 0.00
1.68 63.30 0.00 0.00
1.69 61.86 0.00 0.00
1.69 60.39 0.00 0.00
1.70 58.91 0.00 0.00
1.71 57.40 0.00 0.00
1.71 55.89 0.00 0.00
1.72 54.36 0.00 0.00
1.72 52.81 0.00 0.00
1.73 51.26 0.00 0.00
1.73 49.70 0.00 0.00
1.74 48.14 0.00 0.00
1.74 46.57 0.00 0.00
1.75 45.00 0.00 0.00
1.76 43.43 0.00 0.00
1.76 41.86 0.00 0.00
1.77 40.30 0.00 0.00
1.77 38.74 0.00 0.00
1.78 37.19 0.00 0.00
1.78 35.64 0.00 0.00
1.79 34.11 0.00 0.00
1.79 32.60 0.00 0.00
1.80 31.09 0.00 0.00
1.81 29.61 0.00 0.00
1.81 28.14 0.00 0.00
1.82 26.70 0.00 0.00
1.82 25.27 0.00 0.00
1.83 23.87 0.00 0.00
1.83 22.50 0.00 0.00
1.84 21.15 0.00 0.00
1.84 19.84 0.00 0.00
1.85 18.55 0.00 0.00
1.86 17.30 0.00 0.00
1.86 16.07 0.00 0.00
1.87 14.89 0.00 0.00
1.87 13.74 0.00 0.00
1.88 12.63 0.00 0.00
1.88 11.56 0.00 0.00
1.89 10.53 0.00 0.00
1.89 9.54 0.00 0.00
1.90 8.59 0.00 0.00
1.91 7.69 0.00 0.00
1.91 6.84 0.00 0.00
1.92 6.03 0.00 0.00
1.92 5.27 0.00 0.00
1.93 4.55 0.00 0.00
1.93 3.89 0.00 0.00
1.94 3.28 0.00 0.00
1.94 2.71 0.00 0.00
1.95 2.20 0.00 0.00
1.96 1.74 0.00 0.00
1.96 1.34 0.00 0.00
1.97 0.98 0.00 0.00
1.97 0.68 0.00 0.00
1.98 0.44 0.00 0.00
1.98 0.25 0.00 0.00
1.99 0.11 0.00 0.00
1.99 0.03 0.00 0.00
2.00 0.00 0.00 0.00
2.01 0.03 0.00 0.00
2.01 0.11 0.00 0.00
2.02 0.25 0.00 0.00
2.02 0.44 0.00 0.00
2.03 0.68 0.00 0.00
2.03 0.98 0.00 0.00
2.04 1.34 0.00 0.00
2.04 1.74 0.00 0.00
2.05 2.20 0.00 0.00
2.06 2.71 0.00 0.00
2.06 3.28 0.00 0.00
2.07 3.89 0.00 0.00
2.07 4.55 0.00 0.00
2.08 5.27 0.00 0.00
2.08 6.03 0.00 0.00
2.09 6.84 0.00 0.00
2.09 7.69 0.00 0.00
2.10 8.59 0.00 0.00
2.11 9.54 0.00 0.00
2.11 10.53 0.00 0.00
2.12 11.56 0.00 0.00
2.12 12.63 0.00 0.00
2.13 13.74 0.00 0.00
2.13 14.89 0.00 0.00
2.14 16.07 0.00 0.00
2.14 17.30 0.00 0.00
2.15 18.55 0.00 0.00
2.16 19.84 0.00 0.00
2.16 21.15 0.00 0.00
2.17 22.50 0.00 0.00
2.17 23.87 0.00 0.00
2.18 25.27 0.00 0.00
2.18 26.70 0.00 0.00
2.19 28.14 0.00 0.00
2.19 29.61 0.00 0.00
2.20 31.09 0.00 0.00
2.21 32.60 0.00 0.00
2.21 34.11 0.00 0.00
2.22 35.64 0.00 0.00
2.22 37.19 0.00 0.00
2.23 38.74 0.00 0.00
2.23 40.30 0.00 0.00
2.24 41.86 0.00 0.00
2.24 43.43 0.00 0.00
2.25 45.00 0.00 0.00
2.26 46.57 0.00 0.00
2.26 48.14 0.00 0.00
2.27 49.70 0.00 0.00
2.27 51.26 0.00 0.00
2.28 52.81 0.00 0.00
2.28 54.36 0.00 0.00
2.29 55.89 0.00 0.00
2.29 57.40 0.00 0.00
2.30 58.91 0.00 0.00
2.31 60.39 0.00 0.00
2.31 61.86 0.00 0.00
2.32 63.30 0.00 0.00
2.32 64.73 0.00 0.00
2.33 66.13 0.00 0.00
2.33 67.50 0.00 0.00
2.34 68.85 0.00 0.00
2.34 70.16 0.00 0.00
2.35 71.45 0.00 0.00
2.36 72.70 0.00 0.00
2.36 73.93 0.00 0.00
2.37 75.11 0.00 0.00
2.37 76.26 0.00 0.00
2.38 77.37 0.00 0.00
2.38 78.44 0.00 0.00
2.39 79.47 0.00 0.00
2.39 80.46 0.00 0.00
2.40 81.41 0.00 0.00
2.41 82.31 0.00 0.00
2.41 83.16 0.00 0.00
2.42 83.97 0.00 0.00
2.42 84.73 0.00 0.00
2.43 85.45 0.00 0.00
2.43 86.11 0.00 0.00
2.44 86.72 0.00 0.00
2.44 87.29 0.00 0.00
2.45 87.80 0.00 0.00
2.46 88.26 0.00 0.00
2.46 88.66 0.00 0.00
2.47 89.02 0.00 0.00
2.47 89.32 0.00 0.00
2.48 89.56 0.00 0.00
2.48 89.75 0.00 0.00
2.49 89.89 0.00 0.00
2.49 89.97 0.00 0.00
2.50 90.00 0.00 0.00
2.51 89.97 0.00 0.00
2.51 89.89 0.00 0.00
2.52 89.75 0.00 0.00
2.52 89.56 0.00 0.00
2.53 89.32 0.00 0.00
2.53 89.02 0.00 0.00
2.54 88.66 0.00 0.00
2.54 88.26 0.00 0.00
2.55 87.80 0.00 0.00
2.56 87.29 0.00 0.00
2.56 86.72 0.00 0.00
2.57 86.11 0.00 0.00
2.57 85.45 0.00 0.00
2.58 84.73 0.00 0.00
2.58 83.97 0.00 0.00
2.59 83.16 0.00 0.00
2.59 82.31 0.00 0.00
2.60 81.41 0.00 0.00
2.61 80.46 0.00 0.00
2.61 79.47 0.00 0.00
2.62 78.44 0.00 0.00
2.62 77.37 0.00 0.00
2.63 76.26 0.00 0.00
2.63 75.11 0.00 0.00
2.64 73.93 0.00 0.00
2.64 72.70 0.00 0.00
2.65 71.45 0.00 0.00
2.66 70.16 0.00 0.00
2.66 68.85 0.00 0.00
2.67 67.50 0.00 0.00
2.67 66.13 0.00 0.00
2.68 64.73 0.00 0.00
2.68 63.30 0.00 0.00
2.69 61.86 0.00 0.00
2.69 60.39 0.00 0.00
2.70 58.91 0.00 0.00
2.71 57.40 0.00 0.00
2.71 55.89 0.00 0.00
2.72 54.36 0.00 0.00
2.72 52.81 0.00 0.00
2.73 51.26 0.00 0.00
2.73 49.70 0.00 0.00
2.74 48.14 0.00 0.00
2.74 46.57 0.00 0.00
2.75 45.00 0.00 0.00
2.76 43.43 0.00 0.00
2.76 41.86 0.00 0.00
2.77 40.30 0.00 0.00
2.77 38.74 0.00 0.00
2.78 37.19 0.00 0.00
2.78 35.64 0.00 0.00
2.79 34.11 0.00 0.00
2.79 32.60 0.00 0.00
2.80 31.09 0.00 0.00
2.81 29.61 0.00 0.00
2.81 28.14 0.00 0.00
2.82 26.70 0.00 0.00
2.82 25.27 0.00 0.00
2.83 23.87 0.00 0.00
2.83 22.50 0.00 0.00
2.84 21.15 0.00 0.00
2.84 19.84 0.00 0.00
2.85 18.55 0.00 0.00
2.86 17.30 0.00 0.00
2.86 16.07 0.00 0.00
2.87 14.89 0.00 0.00
2.87 13.74 0.00 0.00
2.88 12.63 0.00 0.00
2.88 11.56 0.00 0.00
2.89 10.53 0.00 0.00
2.89 9.54 0.00 0.00
2.90 8.59 0.00 0.00
2.91 7.69 0.00 0.00
2.91 6.84 0.00 0.00
2.92 6.03 0.00 0.00
2.92 5.27 0.00 0.00
2.93 4.55 0.00 0.00
2.93 3.89 0.00 0.00
2.94 3.28 0.00 0.00
2.94 2.71 0.00 0.00
2.95 2.20 0.00 0.00
2.96 1.74 0.00 0.00
2.96 1.34 0.00 0.00
2.97 0.98 0.00 0.00
2.97 0.68 0.00 0.00
2.98 0.44 0.00 0.00
2.98 0.25 0.00 0.00
2.99 0.11 0.00 0.00
2.99 0.03 0.00 0.00
3.00 0.00 0.00 0.00
3.01 0.03 0.00 0.00
3.01 0.11 0.00 0.00
3.02 0.25 0.00 0.00
3.02 0.44 0.00 0.00
3.03 0.68 0.00 0.00
3.03 0.98 0.00 0.00
3.04 1.34 0.00 0.00
3.04 1.74 0.00 0.00
3.05 2.20 0.00 0.00
3.06 2.71 0.00 0.00
3.06 3.28 0.00 0.00
3.07 3.89 0.00 0.00
3.07 4.55 0.00 0.00
3.08 5.27 0.00 0.00
3.08 6.03 0.00 0.00
3.09 6.84 0.00 0.00
3.09 7.69 0.00 0.00
3.10 8.59 0.00 0.00
3.11 9.54 0.00 0.00
3.11 10.53 0.00 0.00
3.12 11.56 0.00 0.00
3.12 12.63 0.00 0.00
3.13 13.74 0.00 0.00
3.13 14.89 0.00 0.00
3.14 16.07 0.00 0.00
3.14 17.30 0.00 0.00
3.15 18.55 0.00 0.00
3.16 19.84 0.00 0.00
3.16 21.15 0.00 0.00
3.17 22.50 0.00 0.00
3.17 23.87 0.00 0.00
3.18 25.27 0.00 0.00
3.18 26.70 0.00 0.00
3.19 28.14 0.00 0.00
3.19 29.61 0.00 0.00
3.20 31.09 0.00 0.00
3.21 32.60 0.00 0.00
3.21 34.11 0.00 0.00
3.22 35.64 0.00 0.00
3.22 37.19 0.00 0.00
3.23 38.74 0.00 0.00
3.23 40.30 0.00 0.00
3.24 41.86 0.00 0.00
3.24 43.43 0.00 0.00
3.25 45.00 0.00 0.00
3.26 46.57 0.00 0.00
3.26 48.14 0.00 0.00
3.27 49.70 0.00 0.00
3.27 51.26 0.00 0.00
3.28 52.81 0.00 0.00
3.28 54.36 0.00 0.00
3.29 55.89 0.00 0.00
3.29 57.40 0.00 0.00
3.30 58.91 0.00 0.00
3.31 60.39 0.00 0.00
3.31 61.86 0.00 0.00
3.32 63.30 0.00 0.00
3.32 64.73 0.00 0.00
3.33 66.13 0.00 0.00
3.33 67.50 0.00 0.00
3.34 68.85 0.00 0.00
3.34 70.16 0.00 0.00
3.35 71.45 0.00 0.00
3.36 72.70 0.00 0.00
3.36 73.93 0.00 0.00
3.37 75.11 0.00 0.00
3.37 76.26 0.00 0.00
3.38 77.37 0.00 0.00
3.38 78.44 0.00 0.00
3.39 79.47 0.00 0.00
3.39 80.46 0.00 0.00
3.40 81.41 0.00 0.00
3.41 82.31 0.00 0.00
3.41 83.16 0.00 0.00
3.42 83.97 0.00 0.00
3.42 84.73 0.00 0.00
3.43 85.45 0.00 0.00
3.43 86.11 0.00 0.00
3.44 86.72 0.00 0.00
3.44 87.29 0.00 0.00
3.45 87.80 0.00 0.00
3.46 88.26 0.00 0.00
3.46 88.66 0.00 0.00
3.47 89.02 0.00 0.00
3.47 89.32 0.00 0.00
3.48 89.56 0.00 0.00
3.48 89.75 0.00 0.00
3.49 89.89 0.00 0.00
3.49 89.97 0.00 0.00
3.50 90.00 0.00 0.00
3.51 89.97 0.00 0.00
3.51 89.89 0.00 0.00
3.52 89.75 0.00 0.00
3.52 89.56 0.00 0.00
3.53 89.32 0.00 0.00
3.53 89.02 0.00 0.00
3.54 88.66 0.00 0.00
3.54 88.26 0.00 0.00
3.55 87.80 0.00 0.00
3.56 87.29 0.00 0.00
3.56 86.72 0.00 0.00
3.57 86.11 0.00 0.00
3.57 85.45 0.00 0.00
3.58 84.73 0.00 0.00
3.58 83.97 0.00 0.00
3.59 83.16 0.00 0.00
3.59 82.31 0.00 0.00
3.60 81.41 0.00 0.00
3.61 80.46 0.00 0.00
3.61 79.47 0.00 0.00
3.62 78.44 0.00 0.00
3.62 77.37 0.00 0.00
3.63 76.26 0.00 0.00
3.63 75.11 0.00 0.00
3.64 73.93 0.00 0.00
3.64 72.70 0.00 0.00
3.65 71.45 0.00 0.00
3.66 70.16 0.00 0.00
3.66 68.85 0.00 0.00
3.67 67.50 0.00 0.00
3.67 66.13 0.00 0.00
3.68 64.73 0.00 0.00
3.68 63.30 0.00 0.00
3.69 61.86 0.00 0.00
3.69 60.39 0.00 0.00
3.70 58.91 0.00 0.00
3.71 57.40 0.00 0.00
3.71 55.89 0.00 0.00
3.72 54.36 0.00 0.00
3.72 52.81 0.00 0.00
3.73 51.26 0.00 0.00
3.73 49.70 0.00 0.00
3.74 48.14 0.00 0.00
3.74 46.57 0.00 0.00
3.75 45.00 0.00 0.00
3.76 43.43 0.00 0.00
3.76 41.86 0.00 0.00
3.77 40.30 0.00 0.00
3.77 38.74 0.00 0.00
3.78 37.19 0.00 0.00
3.78 35.64 0.00 0.00
3.79 34.11 0.00 0.00
3.79 32.60 0.00 0.00
3.80 31.09 0.00 0.00
3.81 29.61 0.00 0.00
3.81 28.14 0.00 0.00
3.82 26.70 0.00 0.00
3.82 25.27 0.00 0.00
3.83 23.87 0.00 0.00
3.83 22.50 0.00 0.00
3.84 21.15 0.00 0.00
3.84 19.84 0.00 0.00
3.85 18.55 0.00 0.00
3.86 17.30 0.00 0.00
3.86 16.07 0.00 0.00
3.87 14.89 0.00 0.00
3.87 13.74 0.00 0.00
3.88 12.63 0.00 0.00
3.88 11.56 0.00 0.00
3.89 10.53 0.00 0.00
3.89 9.54 0.00 0.00
3.90 8.59 0.00 0.00
3.91 7.69 0.00 0.00
3.91 6.84 0.00 0.00
3.92 6.03 0.00 0.00
3.92 5.27 0.00 0.00
3.93 4.55 0.00 0.00
3.93 3.89 0.00 0.00
3.94 3.28 0.00 0.00
3.94 2.71 0.00 0.00
3.95 2.20 0.00 0.00
3.96 1.74 0.00 0.00
3.96 1.34 0.00 0.00
3.97 0.98 0.00 0.00
3.97 0.68 0.00 0.00
3.98 0.44 0.00 0.00
3.98 0.25 0.00 0.00
3.99 0.11 0.00 0.00
3.99 0.03 0.00 0.00
4.00 0.00 0.00 0.00
4.01 0.03 0.00 0.00
4.01 0.11 0.00 0.00
4.02 0.25 0.00 0.00
4.02 0.44 0.00 0.00
4.03 0.68 0.00 0.00
4.03 0.98 0.00 0.00
4.04 1.34 0.00 0.00
4.04 1.74 0.00 0.00
4.05 2.20 0.00 0.00
4.06 2.71 0.00 0.00
4.06 3.28 0.00 0.00
4.07 3.89 0.00 0.00
4.07 4.55 0.00 0.00
4.08 5.27 0.00 0.00
4.08 6.03 0.00 0.00
4.09 6.84 0.00 0.00
4.09 7.69 0.00 0.00
4.10 8.59 0.00 0.00
4.11 9.54 0.00 0.00
4.11 10.53 0.00 0.00
4.12 11.56 0.00 0.00
4.12 12.63 0.00 0.00
4.13 13.74 0.00 0.00
4.13 14.89 0.00 0.00
4.14 16.07 0.00 0.00
4.14 17.30 0.00 0.00
4.15 18.55 0.00 0.00
4.16 19.84 0.00 0.00
4.16 21.15 0.00 0.00
4.17 22.50 0.00 0.00
4.17 23.87 0.00 0.00
4.18 25.27 0.00 0.00
4.18 26.70 0.00 0.00
4.19 28.14 0.00 0.00
4.19 29.61 0.00 0.00
4.20 31.09 0.00 0.00
4.21 32.60 0.00 0.00
4.21 34.11 0.00 0.00
4.22 35.64 0.00 0.00
4.22 37.19 0.00 0.00
4.23 38.74 0.00 0.00
4.23 40.30 0.00 0.00
4.24 41.86 0.00 0.00
4.24 43.43 0.00 0.00
4.25 45.00 0.00 0.00
4.26 46.57 0.00 0.00
4.26 48.14 0.00 0.00
4.27 49.70 0.00 0.00
4.27 51.26 0.00 0.00
4.28 52.81 0.00 0.00
4.28 54.36 0.00 0.00
4.29 55.89 0.00 0.00
4.29 57.40 0.00 0.00
4.30 58.91 0.00 0.00
4.31 60.39 0.00 0.00
4.31 61.86 0.00 0.00
4.32 63.30 0.00 0.00
4.32 64.73 0.00 0.00
4.33 66.13 0.00 0.00
4.33 67.50 0.00 0.00
4.34 68.85 0.00 0.00
4.34 70.16 0.00 0.00
4.35 71.45 0.00 0.00
4.36 72.70 0.00 0.00
4.36 73.93 0.00 0.00
4.37 75.11 0.00 0.00
4.37 76.26 0.00 0.00
4.38 77.37 0.00 0.00
4.38 78.44 0.00 0.00
4.39 79.47 0.00 0.00
4.39 80.46 0.00 0.00
4.40 81.41 0.00 0.00
4.41 82.31 0.00 0.00
4.41 83.16 0.00 0.00
4.42 83.97 0.00 0.00
4.42 84.73 0.00 0.00
4.43 85.45 0.00 0.00
4.43 86.11 0.00 0.00
4.44 86.72 0.00 0.00
4.44 87.29 0.00 0.00
4.45 87.80 0.00 0.00
4.46 88.26 0.00 0.00
4.46 88.66 0.00 0.00
4.47 89.02 0.00 0.00
4.47 89.32 0.00 0.00
4.48 89.56 0.00 0.00
4.48 89.75 0.00 0.00
4.49 89.89 0.00 0.00
4.49 89.97 0.00 0.00
4.50 90.00 0.00 0.00
4.51 89.97 0.00 0.00
4.51 89.89 0.00 0.00
4.52 89.75 0.00 0.00
4.52 89.56 0.00 0.00
4.53 89.32 0.00 0.00
4.53 89.02 0.00 0.00
4.54 88.66 0.00 0.00
4.54 88.26 0.00 0.00
4.55 87.80 0.00 0.00
4.56 87.29 0.00 0.00
4.56 86.72 0.00 0.00
4.57 86.11 0.00 0.00
4.57 85.45 0.00 0.00
4.58 84.73 0.00 0.00
4.58 83.97 0.00 0.00
4.59 83.16 0.00 0.00
4.59 82.31 0.00 0.00
4.60 81.41 0.00 0.00
4.61 80.46 0.00 0.00
4.61 79.47 0.00 0.00
4.62 78.44 0.00 0.00
4.62 77.37 0.00 0.00
4.63 76.26 0.00 0.00
4.63 75.11 0.00 0.00
4.64 73.93 0.00 0.00
4.64 72.70 0.00 0.00
4.65 71.45 0.00 0.00
4.66 70.16 0.00 0.00
4.66 68.85 0.00 0.00
4.67 67.50 0.00 0.00
4.67 66.13 0.00 0.00
4.68 64.73 0.00 0.00
4.68 63.30 0.00 0.00
4.69 61.86 0.00 0.00
4.69 60.39 0.00 0.00
4.70 58.91 0.00 0.00
4.71 57.40 0.00 0.00
4.71 55.89 0.00 0.00
4.72 54.36 0.00 0.00
4.72 52.81 0.00 0.00
4.73 51.26 0.00 0.00
4.73 49.70 0.00 0.00
4.74 48.14 0.00 0.00
4.74 46.57 0.00 0.00
4.75 45.00 0.00 0.00
4.76 43.43 0.00 0.00
4.76 41.86 0.00 0.00
4.77 40.30 0.00 0.00
4.77 38.74 0.00 0.00
4.78 37.19 0.00 0.00
4.78 35.64 0.00 0.00
4.79 34.11 0.00 0.00
4.79 32.60 0.00 0.00
4.80 31.09 0.00 0.00
4.81 29.61 0.00 0.00
4.81 28.14 0.00 0.00
4.82 26.70 0.00 0.00
4.82 25.27 0.00 0.00
4.83 23.87 0.00 0.00
4.83 22.50 0.00 0.00
4.84 21.15 0.00 0.00
4.84 19.84 0.00 0.00
4.85 18.55 0.00 0.00
4.86 17.30 0.00 0.00
4.86 16.07 0.00 0.00
4.87 14.89 0.00 0.00
4.87 13.74 0.00 0.00
4.88 12.63 0.00 0.00
4.88 11.56 0.00 0.00
4.89 10.53 0.00 0.00
4.89 9.54 0.00 0.00
4.90 8.59 0.00 0.00
4.91 7.69 0.00 0.00
4.91 6.84 0.00 0.00
4.92 6.03 0.00 0.00
4.92 5.27 0.00 0.00
4.93 4.55 0.00 0.00
4.93 3.89 0.00 0.00
4.94 3.28 0.00 0.00
4.94 2.71 0.00 0.00
4.95 2.20 0.00 0.00
4.96 1.74 0.00 0.00
4.96 1.34 0.00 0.00
4.97 0.98 0.00 0.00
4.97 0.68 0.00 0.00
4.98 0.44 0.00 0.00
4.98 0.25 0.00 0.00
4.99 0.11 0.00 0.00
4.99 0.03 0.00 0.00
5.00 0.00 0.00 0.00
