0.00 0.00 0.00 0.00
0.03 0.03 0.00 0.00
0.06 0.11 0.00 0.00
0.08 0.25 0.00 0.00
0.11 0.44 0.00 0.00
0.14 0.68 0.00 0.00
0.17 0.98 0.00 0.00
0.19 1.34 0.00 0.00
0.22 1.74 0.00 0.00
0.25 2.20 0.00 0.00
0.28 2.71 0.00 0.00
0.31 3.28 0.00 0.00
0.33 3.89 0.00 0.00
0.36 4.55 0.00 0.00
0.39 5.27 0.00 0.00
0.42 6.03 0.00 0.00
0.44 6.84 0.00 0.00
0.47 7.69 0.00 0.00
0.50 8.59 0.00 0.00
0.53 9.54 0.00 0.00
0.56 10.53 0.00 0.00
0.58 11.56 0.00 0.00
0.61 12.63 0.00 0.00
0.64 13.74 0.00 0.00
0.67 14.89 0.00 0.00
0.69 16.07 0.00 0.00
0.72 17.30 0.00 0.00
0.75 18.55 0.00 0.00
0.78 19.84 0.00 0.00
0.81 21.15 0.00 0.00
0.83 22.50 0.00 0.00
0.86 23.87 0.00 0.00
0.89 25.27 0.00 0.00
0.92 26.70 0.00 0.00
0.94 28.14 0.00 0.00
0.97 29.61 0.00 0.00
1.00 31.09 0.00 0.00
1.03 32.60 0.00 0.00
1.06 34.11 0.00 0.00
1.08 35.64 0.00 0.00
1.11 37.19 0.00 0.00
1.14 38.74 0.00 0.00
1.17 40.30 0.00 0.00
1.19 41.86 0.00 0.00
1.22 43.43 0.00 0.00
1.25 45.00 0.00 0.00
1.28 46.57 0.00 0.00
1.31 48.14 0.00 0.00
1.33 49.70 0.00 0.00
1.36 51.26 0.00 0.00
1.39 52.81 0.00 0.00
1.42 54.36 0.00 0.00
1.44 55.89 0.00 0.00
1.47 57.40 0.00 0.00
1.50 58.91 0.00 0.00
1.53 60.39 0.00 0.00
1.56 61.86 0.00 0.00
1.58 63.30 0.00 0.00
1.61 64.73 0.00 0.00
1.64 66.13 0.00 0.00
1.67 67.50 0.00 0.00
1.69 68.85 0.00 0.00
1.72 70.16 0.00 0.00
1.75 71.45 0.00 0.00
1.78 72.70 0.00 0.00
1.81 73.93 0.00 0.00
1.83 75.11 0.00 0.00
1.86 76.26 0.00 0.00
1.89 77.37 0.00 0.00
1.92 78.44 0.00 0.00
1.94 79.47 0.00 0.00
1.97 80.46 0.00 0.00
2.00 81.41 0.00 0.00
2.03 82.31 0.00 0.00
2.06 83.16 0.00 0.00
2.08 83.97 0.00 0.00
2.11 84.73 0.00 0.00
2.14 85.45 0.00 0.00
2.17 86.11 0.00 0.00
2.19 86.72 0.00 0.00
2.22 87.29 0.00 0.00
2.25 87.80 0.00 0.00
2.28 88.26 0.00 0.00
2.31 88.66 0.00 0.00
2.33 89.02 0.00 0.00
2.36 89.32 0.00 0.00
2.39 89.56 0.00 0.00
2.42 89.75 0.00 0.00
2.44 89.89 0.00 0.00
2.47 89.97 0.00 0.00
2.50 90.00 0.00 0.00
2.53 89.97 0.00 0.00
2.56 89.89 0.00 0.00
2.58 89.75 0.00 0.00
2.61 89.56 0.00 0.00
2.64 89.32 0.00 0.00
2.67 89.02 0.00 0.00
2.69 88.66 0.00 0.00
2.72 88.26 0.00 0.00
2.75 87.80 0.00 0.00
2.78 87.29 0.00 0.00
2.81 86.72 0.00 0.00
2.83 86.11 0.00 0.00
2.86 85.45 0.00 0.00
2.89 84.73 0.00 0.00
2.92 83.97 0.00 0.00
2.94 83.16 0.00 0.00
2.97 82.31 0.00 0.00
3.00 81.41 0.00 0.00
3.03 80.46 0.00 0.00
3.06 79.47 0.00 0.00
3.08 78.44 0.00 0.00
3.11 77.37 0.00 0.00
3.14 76.26 0.00 0.00
3.17 75.11 0.00 0.00
3.19 73.93 0.00 0.00
3.22 72.70 0.00 0.00
3.25 71.45 0.00 0.00
3.28 70.16 0.00 0.00
3.31 68.85 0.00 0.00
3.33 67.50 0.00 0.00
3.36 66.13 0.00 0.00
3.39 64.73 0.00 0.00
3.42 63.30 0.00 0.00
3.44 61.86 0.00 0.00
3.47 60.39 0.00 0.00
3.50 58.91 0.00 0.00
3.53 57.40 0.00 0.00
3.56 55.89 0.00 0.00
3.58 54.36 0.00 0.00
3.61 52.81 0.00 0.00
3.64 51.26 0.00 0.00
3.67 49.70 0.00 0.00
3.69 48.14 0.00 0.00
3.72 46.57 0.00 0.00
3.75 45.00 0.00 0.00
3.78 43.43 0.00 0.00
3.81 41.86 0.00 0.00
3.83 40.30 0.00 0.00
3.86 38.74 0.00 0.00
3.89 37.19 0.00 0.00
3.92 35.64 0.00 0.00
3.94 34.11 0.00 0.00
3.97 32.60 0.00 0.00
4.00 31.09 0.00 0.00
4.03 29.61 0.00 0.00
4.06 28.14 0.00 0.00
4.08 26.70 0.00 0.00
4.11 25.27 0.00 0.00
4.14 23.87 0.00 0.00
4.17 22.50 0.00 0.00
4.19 21.15 0.00 0.00
4.22 19.84 0.00 0.00
4.25 18.55 0.00 0.00
4.28 17.30 0.00 0.00
4.31 16.07 0.00 0.00
4.33 14.89 0.00 0.00
4.36 13.74 0.00 0.00
4.39 12.63 0.00 0.00
4.42 11.56 0.00 0.00
4.44 10.53 0.00 0.00
4.47 9.54 0.00 0.00
4.50 8.59 0.00 0.00
4.53 7.69 0.00 0.00
4.56 6.84 0.00 0.00
4.58 6.03 0.00 0.00
4.61 5.27 0.00 0.00
4.64 4.55 0.00 0.00
4.67 3.89 0.00 0.00
4.69 3.28 0.00 0.00
4.72 2.71 0.00 0.00
4.75 2.20 0.00 0.00
4.78 1.74 0.00 0.00
4.81 1.34 0.00 0.00
4.83 0.98 0.00 0.00
4.86 0.68 0.00 0.00
4.89 0.44 0.00 0.00
4.92 0.25 0.00 0.00
4.94 0.11 0.00 0.00
4.97 0.03 0.00 0.00
5.00 0.00 0.00 0.00
5.03 0.03 0.00 0.00
5.06 0.11 0.00 0.00
5.08 0.25 0.00 0.00
5.11 0.44 0.00 0.00
5.14 0.68 0.00 0.00
5.17 0.98 0.00 0.00
5.19 1.34 0.00 0.00
5.22 1.74 0.00 0.00
5.25 2.20 0.00 0.00
5.28 2.71 0.00 0.00
5.31 3.28 0.00 0.00
5.33 3.89 0.00 0.00
5.36 4.55 0.00 0.00
5.39 5.27 0.00 0.00
5.42 6.03 0.00 0.00
5.44 6.84 0.00 0.00
5.47 7.69 0.00 0.00
5.50 8.59 0.00 0.00
5.53 9.54 0.00 0.00
5.56 10.53 0.00 0.00
5.58 11.56 0.00 0.00
5.61 12.63 0.00 0.00
5.64 13.74 0.00 0.00
5.67 14.89 0.00 0.00
5.69 16.07 0.00 0.00
5.72 17.30 0.00 0.00
5.75 18.55 0.00 0.00
5.78 19.84 0.00 0.00
5.81 21.15 0.00 0.00
5.83 22.50 0.00 0.00
5.86 23.87 0.00 0.00
5.89 25.27 0.00 0.00
5.92 26.70 0.00 0.00
5.94 28.14 0.00 0.00
5.97 29.61 0.00 0.00
6.00 31.09 0.00 0.00
6.03 32.60 0.00 0.00
6.06 34.11 0.00 0.00
6.08 35.64 0.00 0.00
6.11 37.19 0.00 0.00
6.14 38.74 0.00 0.00
6.17 40.30 0.00 0.00
6.19 41.86 0.00 0.00
6.22 43.43 0.00 0.00
6.25 45.00 0.00 0.00
6.28 46.57 0.00 0.00
6.31 48.14 0.00 0.00
6.33 49.70 0.00 0.00
6.36 51.26 0.00 0.00
6.39 52.81 0.00 0.00
6.42 54.36 0.00 0.00
6.44 55.89 0.00 0.00
6.47 57.40 0.00 0.00
6.50 58.91 0.00 0.00
6.53 60.39 0.00 0.00
6.56 61.86 0.00 0.00
6.58 63.30 0.00 0.00
6.61 64.73 0.00 0.00
6.64 66.13 0.00 0.00
6.67 67.50 0.00 0.00
6.69 68.85 0.00 0.00
6.72 70.16 0.00 0.00
6.75 71.45 0.00 0.00
6.78 72.70 0.00 0.00
6.81 73.93 0.00 0.00
6.83 75.11 0.00 0.00
6.86 76.26 0.00 0.00
6.89 77.37 0.00 0.00
6.92 78.44 0.00 0.00
6.94 79.47 0.00 0.00
6.97 80.46 0.00 0.00
7.00 81.41 0.00 0.00
7.03 82.31 0.00 0.00
7.06 83.16 0.00 0.00
7.08 83.97 0.00 0.00
7.11 84.73 0.00 0.00
7.14 85.45 0.00 0.00
7.17 86.11 0.00 0.00
7.19 86.72 0.00 0.00
7.22 87.29 0.00 0.00
7.25 87.80 0.00 0.00
7.28 88.26 0.00 0.00
7.31 88.66 0.00 0.00
7.33 89.02 0.00 0.00
7.36 89.32 0.00 0.00
7.39 89.56 0.00 0.00
7.42 89.75 0.00 0.00
7.44 89.89 0.00 0.00
7.47 89.97 0.00 0.00
7.50 90.00 0.00 0.00
7.53 89.97 0.00 0.00
7.56 89.89 0.00 0.00
7.58 89.75 0.00 0.00
7.61 89.56 0.00 0.00
7.64 89.32 0.00 0.00
7.67 89.02 0.00 0.00
7.69 88.66 0.00 0.00
7.72 88.26 0.00 0.00
7.75 87.80 0.00 0.00
7.78 87.29 0.00 0.00
7.81 86.72 0.00 0.00
7.83 86.11 0.00 0.00
7.86 85.45 0.00 0.00
7.89 84.73 0.00 0.00
7.92 83.97 0.00 0.00
7.94 83.16 0.00 0.00
7.97 82.31 0.00 0.00
8.00 81.41 0.00 0.00
8.03 80.46 0.00 0.00
8.06 79.47 0.00 0.00
8.08 78.44 0.00 0.00
8.11 77.37 0.00 0.00
8.14 76.26 0.00 0.00
8.17 75.11 0.00 0.00
8.19 73.93 0.00 0.00
8.22 72.70 0.00 0.00
8.25 71.45 0.00 0.00
8.28 70.16 0.00 0.00
8.31 68.85 0.00 0.00
8.33 67.50 0.00 0.00
8.36 66.13 0.00 0.00
8.39 64.73 0.00 0.00
8.42 63.30 0.00 0.00
8.44 61.86 0.00 0.00
8.47 60.39 0.00 0.00
8.50 58.91 0.00 0.00
8.53 57.40 0.00 0.00
8.56 55.89 0.00 0.00
8.58 54.36 0.00 0.00
8.61 52.81 0.00 0.00
8.64 51.26 0.00 0.00
8.67 49.70 0.00 0.00
8.69 48.14 0.00 0.00
8.72 46.57 0.00 0.00
8.75 45.00 0.00 0.00
8.78 43.43 0.00 0.00
8.81 41.86 0.00 0.00
8.83 40.30 0.00 0.00
8.86 38.74 0.00 0.00
8.89 37.19 0.00 0.00
8.92 35.64 0.00 0.00
8.94 34.11 0.00 0.00
8.97 32.60 0.00 0.00
9.00 31.09 0.00 0.00
9.03 29.61 0.00 0.00
9.06 28.14 0.00 0.00
9.08 26.70 0.00 0.00
9.11 25.27 0.00 0.00
9.14 23.87 0.00 0.00
9.17 22.50 0.00 0.00
9.19 21.15 0.00 0.00
9.22 19.84 0.00 0.00
9.25 18.55 0.00 0.00
9.28 17.30 0.00 0.00
9.31 16.07 0.00 0.00
9.33 14.89 0.00 0.00
9.36 13.74 0.00 0.00
9.39 12.63 0.00 0.00
9.42 11.56 0.00 0.00
9.44 10.53 0.00 0.00
9.47 9.54 0.00 0.00
9.50 8.59 0.00 0.00
9.53 7.69 0.00 0.00
9.56 6.84 0.00 0.00
9.58 6.03 0.00 0.00
9.61 5.27 0.00 0.00
9.64 4.55 0.00 0.00
9.67 3.89 0.00 0.00
9.69 3.28 0.00 0.00
9.72 2.71 0.00 0.00
9.75 2.20 0.00 0.00
9.78 1.74 0.00 0.00
9.81 1.34 0.00 0.00
9.83 0.98 0.00 0.00
9.86 0.68 0.00 0.00
9.89 0.44 0.00 0.00
9.92 0.25 0.00 0.00
9.94 0.11 0.00 0.00
9.97 0.03 0.00 0.00
10.00 0.00 0.00 0.00
10.03 0.03 0.00 0.00
10.06 0.11 0.00 0.00
10.08 0.25 0.00 0.00
10.11 0.44 0.00 0.00
10.14 0.68 0.00 0.00
10.17 0.98 0.00 0.00
10.19 1.34 0.00 0.00
10.22 1.74 0.00 0.00
10.25 2.20 0.00 0.00
10.28 2.71 0.00 0.00
10.31 3.28 0.00 0.00
10.33 3.89 0.00 0.00
10.36 4.55 0.00 0.00
10.39 5.27 0.00 0.00
10.42 6.03 0.00 0.00
10.44 6.84 0.00 0.00
10.47 7.69 0.00 0.00
10.50 8.59 0.00 0.00
10.53 9.54 0.00 0.00
10.56 10.53 0.00 0.00
10.58 11.56 0.00 0.00
10.61 12.63 0.00 0.00
10.64 13.74 0.00 0.00
10.67 14.89 0.00 0.00
10.69 16.07 0.00 0.00
10.72 17.30 0.00 0.00
10.75 18.55 0.00 0.00
10.78 19.84 0.00 0.00
10.81 21.15 0.00 0.00
10.83 22.50 0.00 0.00
10.86 23.87 0.00 0.00
10.89 25.27 0.00 0.00
10.92 26.70 0.00 0.00
10.94 28.14 0.00 0.00
10.97 29.61 0.00 0.00
11.00 31.09 0.00 0.00
11.03 32.60 0.00 0.00
11.06 34.11 0.00 0.00
11.08 35.64 0.00 0.00
11.11 37.19 0.00 0.00
11.14 38.74 0.00 0.00
11.17 40.30 0.00 0.00
11.19 41.86 0.00 0.00
11.22 43.43 0.00 0.00
11.25 45.00 0.00 0.00
11.28 46.57 0.00 0.00
11.31 48.14 0.00 0.00
11.33 49.70 0.00 0.00
11.36 51.26 0.00 0.00
11.39 52.81 0.00 0.00
11.42 54.36 0.00 0.00
11.44 55.89 0.00 0.00
11.47 57.40 0.00 0.00
11.50 58.91 0.00 0.00
11.53 60.39 0.00 0.00
11.56 61.86 0.00 0.00
11.58 63.30 0.00 0.00
11.61 64.73 0.00 0.00
11.64 66.13 0.00 0.00
11.67 67.50 0.00 0.00
11.69 68.85 0.00 0.00
11.72 70.16 0.00 0.00
11.75 71.45 0.00 0.00
11.78 72.70 0.00 0.00
11.81 73.93 0.00 0.00
11.83 75.11 0.00 0.00
11.86 76.26 0.00 0.00
11.89 77.37 0.00 0.00
11.92 78.44 0.00 0.00
11.94 79.47 0.00 0.00
11.97 80.46 0.00 0.00
12.00 81.41 0.00 0.00
12.03 82.31 0.00 0.00
12.06 83.16 0.00 0.00
12.08 83.97 0.00 0.00
12.11 84.73 0.00 0.00
12.14 85.45 0.00 0.00
12.17 86.11 0.00 0.00
12.19 86.72 0.00 0.00
12.22 87.29 0.00 0.00
12.25 87.80 0.00 0.00
12.28 88.26 0.00 0.00
12.31 88.66 0.00 0.00
12.33 89.02 0.00 0.00
12.36 89.32 0.00 0.00
12.39 89.56 0.00 0.00
12.42 89.75 0.00 0.00
12.44 89.89 0.00 0.00
12.47 89.97 0.00 0.00
12.50 90.00 0.00 0.00
12.53 89.97 0.00 0.00
12.56 89.89 0.00 0.00
12.58 89.75 0.00 0.00
12.61 89.56 0.00 0.00
12.64 89.32 0.00 0.00
12.67 89.02 0.00 0.00
12.69 88.66 0.00 0.00
12.72 88.26 0.00 0.00
12.75 87.80 0.00 0.00
12.78 87.29 0.00 0.00
12.81 86.72 0.00 0.00
12.83 86.11 0.00 0.00
12.86 85.45 0.00 0.00
12.89 84.73 0.00 0.00
12.92 83.97 0.00 0.00
12.94 83.16 0.00 0.00
12.97 82.31 0.00 0.00
13.00 81.41 0.00 0.00
13.03 80.46 0.00 0.00
13.06 79.47 0.00 0.00
13.08 78.44 0.00 0.00
13.11 77.37 0.00 0.00
13.14 76.26 0.00 0.00
13.17 75.11 0.00 0.00
13.19 73.93 0.00 0.00
13.22 72.70 0.00 0.00
13.25 71.45 0.00 0.00
13.28 70.16 0.00 0.00
13.31 68.85 0.00 0.00
13.33 67.50 0.00 0.00
13.36 66.13 0.00 0.00
13.39 64.73 0.00 0.00
13.42 63.30 0.00 0.00
13.44 61.86 0.00 0.00
13.47 60.39 0.00 0.00
13.50 58.91 0.00 0.00
13.53 57.40 0.00 0.00
13.56 55.89 0.00 0.00
13.58 54.36 0.00 0.00
13.61 52.81 0.00 0.00
13.64 51.26 0.00 0.00
13.67 49.70 0.00 0.00
13.69 48.14 0.00 0.00
13.72 46.57 0.00 0.00
13.75 45.00 0.00 0.00
13.78 43.43 0.00 0.00
13.81 41.86 0.00 0.00
13.83 40.30 0.00 0.00
13.86 38.74 0.00 0.00
13.89 37.19 0.00 0.00
13.92 35.64 0.00 0.00
13.94 34.11 0.00 0.00
13.97 32.60 0.00 0.00
14.00 31.09 0.00 0.00
14.03 29.61 0.00 0.00
14.06 28.14 0.00 0.00
14.08 26.70 0.00 0.00
14.11 25.27 0.00 0.00
14.14 23.87 0.00 0.00
14.17 22.50 0.00 0.00
14.19 21.15 0.00 0.00
14.22 19.84 0.00 0.00
14.25 18.55 0.00 0.00
14.28 17.30 0.00 0.00
14.31 16.07 0.00 0.00
14.33 14.89 0.00 0.00
14.36 13.74 0.00 0.00
14.39 12.63 0.00 0.00
14.42 11.56 0.00 0.00
14.44 10.53 0.00 0.00
14.47 9.54 0.00 0.00
14.50 8.59 0.00 0.00
14.53 7.69 0.00 0.00
14.56 6.84 0.00 0.00
14.58 6.03 0.00 0.00
14.61 5.27 0.00 0.00
14.64 4.55 0.00 0.00
14.67 3.89 0.00 0.00
14.69 3.28 0.00 0.00
14.72 2.71 0.00 0.00
14.75 2.20 0.00 0.00
14.78 1.74 0.00 0.00
14.81 1.34 0.00 0.00
14.83 0.98 0.00 0.00
14.86 0.68 0.00 0.00
14.89 0.44 0.00 0.00
14.92 0.25 0.00 0.00
14.94 0.11 0.00 0.00
14.97 0.03 0.00 0.00
15.00 0.00 0.00 0.00
15.03 0.03 0.00 0.00
15.06 0.11 0.00 0.00
15.08 0.25 0.00 0.00
15.11 0.44 0.00 0.00
15.14 0.68 0.00 0.00
15.17 0.98 0.00 0.00
15.19 1.34 0.00 0.00
15.22 1.74 0.00 0.00
15.25 2.20 0.00 0.00
15.28 2.71 0.00 0.00
15.31 3.28 0.00 0.00
15.33 3.89 0.00 0.00
15.36 4.55 0.00 0.00
15.39 5.27 0.00 0.00
15.42 6.03 0.00 0.00
15.44 6.84 0.00 0.00
15.47 7.69 0.00 0.00
15.50 8.59 0.00 0.00
15.53 9.54 0.00 0.00
15.56 10.53 0.00 0.00
15.58 11.56 0.00 0.00
15.61 12.63 0.00 0.00
15.64 13.74 0.00 0.00
15.67 14.89 0.00 0.00
15.69 16.07 0.00 0.00
15.72 17.30 0.00 0.00
15.75 18.55 0.00 0.00
15.78 19.84 0.00 0.00
15.81 21.15 0.00 0.00
15.83 22.50 0.00 0.00
15.86 23.87 0.00 0.00
15.89 25.27 0.00 0.00
15.92 26.70 0.00 0.00
15.94 28.14 0.00 0.00
15.97 29.61 0.00 0.00
16.00 31.09 0.00 0.00
16.03 32.60 0.00 0.00
16.06 34.11 0.00 0.00
16.08 35.64 0.00 0.00
16.11 37.19 0.00 0.00
16.14 38.74 0.00 0.00
16.17 40.30 0.00 0.00
16.19 41.86 0.00 0.00
16.22 43.43 0.00 0.00
16.25 45.00 0.00 0.00
16.28 46.57 0.00 0.00
16.31 48.14 0.00 0.00
16.33 49.70 0.00 0.00
16.36 51.26 0.00 0.00
16.39 52.81 0.00 0.00
16.42 54.36 0.00 0.00
16.44 55.89 0.00 0.00
16.47 57.40 0.00 0.00
16.50 58.91 0.00 0.00
16.53 60.39 0.00 0.00
16.56 61.86 0.00 0.00
16.58 63.30 0.00 0.00
16.61 64.73 0.00 0.00
16.64 66.13 0.00 0.00
16.67 67.50 0.00 0.00
16.69 68.85 0.00 0.00
16.72 70.16 0.00 0.00
16.75 71.45 0.00 0.00
16.78 72.70 0.00 0.00
16.81 73.93 0.00 0.00
16.83 75.11 0.00 0.00
16.86 76.26 0.00 0.00
16.89 77.37 0.00 0.00
16.92 78.44 0.00 0.00
16.94 79.47 0.00 0.00
16.97 80.46 0.00 0.00
17.00 81.41 0.00 0.00
17.03 82.31 0.00 0.00
17.06 83.16 0.00 0.00
17.08 83.97 0.00 0.00
17.11 84.73 0.00 0.00
17.14 85.45 0.00 0.00
17.17 86.11 0.00 0.00
17.19 86.72 0.00 0.00
17.22 87.29 0.00 0.00
17.25 87.80 0.00 0.00
17.28 88.26 0.00 0.00
17.31 88.66 0.00 0.00
17.33 89.02 0.00 0.00
17.36 89.32 0.00 0.00
17.39 89.56 0.00 0.00
17.42 89.75 0.00 0.00
17.44 89.89 0.00 0.00
17.47 89.97 0.00 0.00
17.50 90.00 0.00 0.00
17.53 89.97 0.00 0.00
17.56 89.89 0.00 0.00
17.58 89.75 0.00 0.00
17.61 89.56 0.00 0.00
17.64 89.32 0.00 0.00
17.67 89.02 0.00 0.00
17.69 88.66 0.00 0.00
17.72 88.26 0.00 0.00
17.75 87.80 0.00 0.00
17.78 87.29 0.00 0.00
17.81 86.72 0.00 0.00
17.83 86.11 0.00 0.00
17.86 85.45 0.00 0.00
17.89 84.73 0.00 0.00
17.92 83.97 0.00 0.00
17.94 83.16 0.00 0.00
17.97 82.31 0.00 0.00
18.00 81.41 0.00 0.00
18.03 80.46 0.00 0.00
18.06 79.47 0.00 0.00
18.08 78.44 0.00 0.00
18.11 77.37 0.00 0.00
18.14 76.26 0.00 0.00
18.17 75.11 0.00 0.00
18.19 73.93 0.00 0.00
18.22 72.70 0.00 0.00
18.25 71.45 0.00 0.00
18.28 70.16 0.00 0.00
18.31 68.85 0.00 0.00
18.33 67.50 0.00 0.00
18.36 66.13 0.00 0.00
18.39 64.73 0.00 0.00
18.42 63.30 0.00 0.00
18.44 61.86 0.00 0.00
18.47 60.39 0.00 0.00
18.50 58.91 0.00 0.00
18.53 57.40 0.00 0.00
18.56 55.89 0.00 0.00
18.58 54.36 0.00 0.00
18.61 52.81 0.00 0.00
18.64 51.26 0.00 0.00
18.67 49.70 0.00 0.00
18.69 48.14 0.00 0.00
18.72 46.57 0.00 0.00
18.75 45.00 0.00 0.00
18.78 43.43 0.00 0.00
18.81 41.86 0.00 0.00
18.83 40.30 0.00 0.00
18.86 38.74 0.00 0.00
18.89 37.19 0.00 0.00
18.92 35.64 0.00 0.00
18.94 34.11 0.00 0.00
18.97 32.60 0.00 0.00
19.00 31.09 0.00 0.00
19.03 29.61 0.00 0.00
19.06 28.14 0.00 0.00
19.08 26.70 0.00 0.00
19.11 25.27 0.00 0.00
19.14 23.87 0.00 0.00
19.17 22.50 0.00 0.00
19.19 21.15 0.00 0.00
19.22 19.84 0.00 0.00
19.25 18.55 0.00 0.00
19.28 17.30 0.00 0.00
19.31 16.07 0.00 0.00
19.33 14.89 0.00 0.00
19.36 13.74 0.00 0.00
19.39 12.63 0.00 0.00
19.42 11.56 0.00 0.00
19.44 10.53 0.00 0.00
19.47 9.54 0.00 0.00
19.50 8.59 0.00 0.00
19.53 7.69 0.00 0.00
19.56 6.84 0.00 0.00
19.58 6.03 0.00 0.00
19.61 5.27 0.00 0.00
19.64 4.55 0.00 0.00
19.67 3.89 0.00 0.00
19.69 3.28 0.00 0.00
19.72 2.71 0.00 0.00
19.75 2.20 0.00 0.00
19.78 1.74 0.00 0.00
19.81 1.34 0.00 0.00
19.83 0.98 0.00 0.00
19.86 0.68 0.00 0.00
19.89 0.44 0.00 0.00
19.92 0.25 0.00 0.00
19.94 0.11 0.00 0.00
19.97 0.03 0.00 0.00
20.00 0.00 0.00 0.00
