0.00 1.00 0.00 1.80
0.06 1.00 0.02 1.80
0.11 1.00 0.03 1.80
0.17 1.00 0.05 1.80
0.22 1.00 0.07 1.80
0.28 1.00 0.09 1.80
0.33 0.99 0.10 1.80
0.39 0.99 0.12 1.80
0.44 0.99 0.14 1.80
0.50 0.99 0.16 1.80
0.56 0.98 0.17 1.80
0.61 0.98 0.19 1.80
0.67 0.98 0.21 1.80
0.72 0.97 0.22 1.80
0.78 0.97 0.24 1.80
0.83 0.97 0.26 1.80
0.89 0.96 0.28 1.80
0.94 0.96 0.29 1.80
1.00 0.95 0.31 1.80
1.06 0.95 0.33 1.80
1.11 0.94 0.34 1.80
1.17 0.93 0.36 1.80
1.22 0.93 0.37 1.80
1.28 0.92 0.39 1.80
1.33 0.91 0.41 1.80
1.39 0.91 0.42 1.80
1.44 0.90 0.44 1.80
1.50 0.89 0.45 1.80
1.56 0.88 0.47 1.80
1.61 0.87 0.48 1.80
1.67 0.87 0.50 1.80
1.72 0.86 0.51 1.80
1.78 0.85 0.53 1.80
1.83 0.84 0.54 1.80
1.89 0.83 0.56 1.80
1.94 0.82 0.57 1.80
2.00 0.81 0.59 1.80
2.06 0.80 0.60 1.80
2.11 0.79 0.62 1.80
2.17 0.78 0.63 1.80
2.22 0.77 0.64 1.80
2.28 0.76 0.66 1.80
2.33 0.74 0.67 1.80
2.39 0.73 0.68 1.80
2.44 0.72 0.69 1.80
2.50 0.71 0.71 1.80
2.56 0.70 0.72 1.80
2.61 0.68 0.73 1.80
2.67 0.67 0.74 1.80
2.72 0.66 0.75 1.80
2.78 0.64 0.77 1.80
2.83 0.63 0.78 1.80
2.89 0.62 0.79 1.80
2.94 0.60 0.80 1.80
3.00 0.59 0.81 1.80
3.06 0.57 0.82 1.80
3.11 0.56 0.83 1.80
3.17 0.55 0.84 1.80
3.22 0.53 0.85 1.80
3.28 0.52 0.86 1.80
3.33 0.50 0.87 1.80
3.39 0.49 0.87 1.80
3.44 0.47 0.88 1.80
3.50 0.45 0.89 1.80
3.56 0.44 0.90 1.80
3.61 0.42 0.91 1.80
3.67 0.41 0.91 1.80
3.72 0.39 0.92 1.80
3.78 0.38 0.93 1.80
3.83 0.36 0.93 1.80
3.89 0.34 0.94 1.80
3.94 0.33 0.95 1.80
4.00 0.31 0.95 1.80
4.06 0.29 0.96 1.80
4.11 0.28 0.96 1.80
4.17 0.26 0.97 1.80
4.22 0.24 0.97 1.80
4.28 0.23 0.97 1.80
4.33 0.21 0.98 1.80
4.39 0.19 0.98 1.80
4.44 0.17 0.98 1.80
4.50 0.16 0.99 1.80
4.56 0.14 0.99 1.80
4.61 0.12 0.99 1.80
4.67 0.11 0.99 1.80
4.72 0.09 1.00 1.80
4.78 0.07 1.00 1.80
4.83 0.05 1.00 1.80
4.89 0.04 1.00 1.80
4.94 0.02 1.00 1.80
5.00 0.00 1.00 1.80
5.06 -0.02 1.00 1.80
5.11 -0.03 1.00 1.80
5.17 -0.05 1.00 1.80
5.22 -0.07 1.00 1.80
5.28 -0.09 1.00 1.80
5.33 -0.10 0.99 1.80
5.39 -0.12 0.99 1.80
5.44 -0.14 0.99 1.80
5.50 -0.15 0.99 1.80
5.56 -0.17 0.99 1.80
5.61 -0.19 0.98 1.80
5.67 -0.21 0.98 1.80
5.72 -0.22 0.97 1.80
5.78 -0.24 0.97 1.80
5.83 -0.26 0.97 1.80
5.89 -0.27 0.96 1.80
5.94 -0.29 0.96 1.80
6.00 -0.31 0.95 1.80
6.06 -0.32 0.95 1.80
6.11 -0.34 0.94 1.80
6.17 -0.36 0.93 1.80
6.22 -0.37 0.93 1.80
6.28 -0.39 0.92 1.80
6.33 -0.41 0.91 1.80
6.39 -0.42 0.91 1.80
6.44 -0.44 0.90 1.80
6.50 -0.45 0.89 1.80
6.56 -0.47 0.88 1.80
6.61 -0.48 0.88 1.80
6.67 -0.50 0.87 1.80
6.72 -0.51 0.86 1.80
6.78 -0.53 0.85 1.80
6.83 -0.54 0.84 1.80
6.89 -0.56 0.83 1.80
6.94 -0.57 0.82 1.80
7.00 -0.59 0.81 1.80
7.06 -0.60 0.80 1.80
7.11 -0.61 0.79 1.80
7.17 -0.63 0.78 1.80
7.22 -0.64 0.77 1.80
7.28 -0.65 0.76 1.80
7.33 -0.67 0.74 1.80
7.39 -0.68 0.73 1.80
7.44 -0.69 0.72 1.80
7.50 -0.71 0.71 1.80
7.56 -0.72 0.70 1.80
7.61 -0.73 0.68 1.80
7.67 -0.74 0.67 1.80
7.72 -0.75 0.66 1.80
7.78 -0.76 0.64 1.80
7.83 -0.78 0.63 1.80
7.89 -0.79 0.62 1.80
7.94 -0.80 0.60 1.80
8.00 -0.81 0.59 1.80
8.06 -0.82 0.58 1.80
8.11 -0.83 0.56 1.80
8.17 -0.84 0.55 1.80
8.22 -0.85 0.53 1.80
8.28 -0.86 0.52 1.80
8.33 -0.86 0.50 1.80
8.39 -0.87 0.49 1.80
8.44 -0.88 0.47 1.80
8.50 -0.89 0.46 1.80
8.56 -0.90 0.44 1.80
8.61 -0.91 0.42 1.80
8.67 -0.91 0.41 1.80
8.72 -0.92 0.39 1.80
8.78 -0.93 0.38 1.80
8.83 -0.93 0.36 1.80
8.89 -0.94 0.34 1.80
8.94 -0.94 0.33 1.80
9.00 -0.95 0.31 1.80
9.06 -0.96 0.29 1.80
9.11 -0.96 0.28 1.80
9.17 -0.97 0.26 1.80
9.22 -0.97 0.24 1.80
9.28 -0.97 0.23 1.80
9.33 -0.98 0.21 1.80
9.39 -0.98 0.19 1.80
9.44 -0.98 0.18 1.80
9.50 -0.99 0.16 1.80
9.56 -0.99 0.14 1.80
9.61 -0.99 0.12 1.80
9.67 -0.99 0.11 1.80
9.72 -1.00 0.09 1.80
9.78 -1.00 0.07 1.80
9.83 -1.00 0.06 1.80
9.89 -1.00 0.04 1.80
9.94 -1.00 0.02 1.80
10.00 -1.00 0.00 1.80
10.06 -1.00 -0.01 1.80
10.11 -1.00 -0.03 1.80
10.17 -1.00 -0.05 1.80
10.22 -1.00 -0.07 1.80
10.28 -1.00 -0.08 1.80
10.33 -0.99 -0.10 1.80
10.39 -0.99 -0.12 1.80
10.44 -0.99 -0.14 1.80
10.50 -0.99 -0.15 1.80
10.56 -0.99 -0.17 1.80
10.61 -0.98 -0.19 1.80
10.67 -0.98 -0.20 1.80
10.72 -0.98 -0.22 1.80
10.78 -0.97 -0.24 1.80
10.83 -0.97 -0.26 1.80
10.89 -0.96 -0.27 1.80
10.94 -0.96 -0.29 1.80
11.00 -0.95 -0.31 1.80
11.06 -0.95 -0.32 1.80
11.11 -0.94 -0.34 1.80
11.17 -0.93 -0.36 1.80
11.22 -0.93 -0.37 1.80
11.28 -0.92 -0.39 1.80
11.33 -0.91 -0.40 1.80
11.39 -0.91 -0.42 1.80
11.44 -0.90 -0.44 1.80
11.50 -0.89 -0.45 1.80
11.56 -0.88 -0.47 1.80
11.61 -0.88 -0.48 1.80
11.67 -0.87 -0.50 1.80
11.72 -0.86 -0.51 1.80
11.78 -0.85 -0.53 1.80
11.83 -0.84 -0.54 1.80
11.89 -0.83 -0.56 1.80
11.94 -0.82 -0.57 1.80
12.00 -0.81 -0.58 1.80
12.06 -0.80 -0.60 1.80
12.11 -0.79 -0.61 1.80
12.17 -0.78 -0.63 1.80
12.22 -0.77 -0.64 1.80
12.28 -0.76 -0.65 1.80
12.33 -0.75 -0.67 1.80
12.39 -0.73 -0.68 1.80
12.44 -0.72 -0.69 1.80
12.50 -0.71 -0.70 1.80
12.56 -0.70 -0.72 1.80
12.61 -0.68 -0.73 1.80
12.67 -0.67 -0.74 1.80
12.72 -0.66 -0.75 1.80
12.78 -0.65 -0.76 1.80
12.83 -0.63 -0.77 1.80
12.89 -0.62 -0.79 1.80
12.94 -0.60 -0.80 1.80
13.00 -0.59 -0.81 1.80
13.06 -0.58 -0.82 1.80
13.11 -0.56 -0.83 1.80
13.17 -0.55 -0.84 1.80
13.22 -0.53 -0.85 1.80
13.28 -0.52 -0.86 1.80
13.33 -0.50 -0.86 1.80
13.39 -0.49 -0.87 1.80
13.44 -0.47 -0.88 1.80
13.50 -0.46 -0.89 1.80
13.56 -0.44 -0.90 1.80
13.61 -0.43 -0.90 1.80
13.67 -0.41 -0.91 1.80
13.72 -0.39 -0.92 1.80
13.78 -0.38 -0.93 1.80
13.83 -0.36 -0.93 1.80
13.89 -0.35 -0.94 1.80
13.94 -0.33 -0.94 1.80
14.00 -0.31 -0.95 1.80
14.06 -0.30 -0.96 1.80
14.11 -0.28 -0.96 1.80
14.17 -0.26 -0.96 1.80
14.22 -0.25 -0.97 1.80
14.28 -0.23 -0.97 1.80
14.33 -0.21 -0.98 1.80
14.39 -0.19 -0.98 1.80
14.44 -0.18 -0.98 1.80
14.50 -0.16 -0.99 1.80
14.56 -0.14 -0.99 1.80
14.61 -0.13 -0.99 1.80
14.67 -0.11 -0.99 1.80
14.72 -0.09 -1.00 1.80
14.78 -0.07 -1.00 1.80
14.83 -0.06 -1.00 1.80
14.89 -0.04 -1.00 1.80
14.94 -0.02 -1.00 1.80
15.00 -0.00 -1.00 1.80
15.06 0.01 -1.00 1.80
15.11 0.03 -1.00 1.80
15.17 0.05 -1.00 1.80
15.22 0.07 -1.00 1.80
15.28 0.08 -1.00 1.80
15.33 0.10 -0.99 1.80
15.39 0.12 -0.99 1.80
15.44 0.13 -0.99 1.80
15.50 0.15 -0.99 1.80
15.56 0.17 -0.99 1.80
15.61 0.19 -0.98 1.80
15.67 0.20 -0.98 1.80
15.72 0.22 -0.98 1.80
15.78 0.24 -0.97 1.80
15.83 0.25 -0.97 1.80
15.89 0.27 -0.96 1.80
15.94 0.29 -0.96 1.80
16.00 0.30 -0.95 1.80
16.06 0.32 -0.95 1.80
16.11 0.34 -0.94 1.80
16.17 0.35 -0.94 1.80
16.22 0.37 -0.93 1.80
16.28 0.39 -0.92 1.80
16.33 0.40 -0.92 1.80
16.39 0.42 -0.91 1.80
16.44 0.43 -0.90 1.80
16.50 0.45 -0.89 1.80
16.56 0.47 -0.89 1.80
16.61 0.48 -0.88 1.80
16.67 0.50 -0.87 1.80
16.72 0.51 -0.86 1.80
16.78 0.53 -0.85 1.80
16.83 0.54 -0.84 1.80
16.89 0.56 -0.83 1.80
16.94 0.57 -0.82 1.80
17.00 0.58 -0.81 1.80
17.06 0.60 -0.80 1.80
17.11 0.61 -0.79 1.80
17.17 0.63 -0.78 1.80
17.22 0.64 -0.77 1.80
17.28 0.65 -0.76 1.80
17.33 0.67 -0.75 1.80
17.39 0.68 -0.73 1.80
17.44 0.69 -0.72 1.80
17.50 0.70 -0.71 1.80
17.56 0.72 -0.70 1.80
17.61 0.73 -0.69 1.80
17.67 0.74 -0.67 1.80
17.72 0.75 -0.66 1.80
17.78 0.76 -0.65 1.80
17.83 0.77 -0.63 1.80
17.89 0.78 -0.62 1.80
17.94 0.80 -0.61 1.80
18.00 0.81 -0.59 1.80
18.06 0.82 -0.58 1.80
18.11 0.83 -0.56 1.80
18.17 0.84 -0.55 1.80
18.22 0.85 -0.53 1.80
18.28 0.85 -0.52 1.80
18.33 0.86 -0.50 1.80
18.39 0.87 -0.49 1.80
18.44 0.88 -0.47 1.80
18.50 0.89 -0.46 1.80
18.56 0.90 -0.44 1.80
18.61 0.90 -0.43 1.80
18.67 0.91 -0.41 1.80
18.72 0.92 -0.40 1.80
18.78 0.93 -0.38 1.80
18.83 0.93 -0.36 1.80
18.89 0.94 -0.35 1.80
18.94 0.94 -0.33 1.80
19.00 0.95 -0.31 1.80
19.06 0.95 -0.30 1.80
19.11 0.96 -0.28 1.80
19.17 0.96 -0.26 1.80
19.22 0.97 -0.25 1.80
19.28 0.97 -0.23 1.80
19.33 0.98 -0.21 1.80
19.39 0.98 -0.20 1.80
19.44 0.98 -0.18 1.80
19.50 0.99 -0.16 1.80
19.56 0.99 -0.14 1.80
19.61 0.99 -0.13 1.80
19.67 0.99 -0.11 1.80
19.72 1.00 -0.09 1.80
19.78 1.00 -0.08 1.80
19.83 1.00 -0.06 1.80
19.89 1.00 -0.04 1.80
19.94 1.00 -0.02 1.80
20.00 1.00 -0.01 1.80
20.06 1.00 0.01 1.80
20.11 1.00 0.03 1.80
20.17 1.00 0.05 1.80
20.22 1.00 0.06 1.80
20.28 1.00 0.08 1.80
20.33 1.00 0.10 1.80
20.39 0.99 0.12 1.80
20.44 0.99 0.13 1.80
20.50 0.99 0.15 1.80
20.56 0.99 0.17 1.80
20.61 0.98 0.18 1.80
20.67 0.98 0.20 1.80
20.72 0.98 0.22 1.80
20.78 0.97 0.24 1.80
20.83 0.97 0.25 1.80
20.89 0.96 0.27 1.80
20.94 0.96 0.29 1.80
21.00 0.95 0.30 1.80
21.06 0.95 0.32 1.80
21.11 0.94 0.34 1.80
21.17 0.94 0.35 1.80
21.22 0.93 0.37 1.80
21.28 0.92 0.39 1.80
21.33 0.92 0.40 1.80
21.39 0.91 0.42 1.80
21.44 0.90 0.43 1.80
21.50 0.89 0.45 1.80
21.56 0.89 0.46 1.80
21.61 0.88 0.48 1.80
21.67 0.87 0.49 1.80
21.72 0.86 0.51 1.80
21.78 0.85 0.52 1.80
21.83 0.84 0.54 1.80
21.89 0.83 0.55 1.80
21.94 0.82 0.57 1.80
22.00 0.81 0.58 1.80
22.06 0.80 0.60 1.80
22.11 0.79 0.61 1.80
22.17 0.78 0.62 1.80
22.22 0.77 0.64 1.80
22.28 0.76 0.65 1.80
22.33 0.75 0.66 1.80
22.39 0.74 0.68 1.80
22.44 0.72 0.69 1.80
22.50 0.71 0.70 1.80
22.56 0.70 0.71 1.80
22.61 0.69 0.73 1.80
22.67 0.67 0.74 1.80
22.72 0.66 0.75 1.80
22.78 0.65 0.76 1.80
22.83 0.63 0.77 1.80
22.89 0.62 0.78 1.80
22.94 0.61 0.79 1.80
23.00 0.59 0.81 1.80
23.06 0.58 0.82 1.80
23.11 0.56 0.83 1.80
23.17 0.55 0.83 1.80
23.22 0.54 0.84 1.80
23.28 0.52 0.85 1.80
23.33 0.51 0.86 1.80
23.39 0.49 0.87 1.80
23.44 0.48 0.88 1.80
23.50 0.46 0.89 1.80
23.56 0.44 0.90 1.80
23.61 0.43 0.90 1.80
23.67 0.41 0.91 1.80
23.72 0.40 0.92 1.80
23.78 0.38 0.92 1.80
23.83 0.36 0.93 1.80
23.89 0.35 0.94 1.80
23.94 0.33 0.94 1.80
24.00 0.32 0.95 1.80
24.06 0.30 0.95 1.80
24.11 0.28 0.96 1.80
24.17 0.27 0.96 1.80
24.22 0.25 0.97 1.80
24.28 0.23 0.97 1.80
24.33 0.21 0.98 1.80
24.39 0.20 0.98 1.80
24.44 0.18 0.98 1.80
24.50 0.16 0.99 1.80
24.56 0.15 0.99 1.80
24.61 0.13 0.99 1.80
24.67 0.11 0.99 1.80
24.72 0.09 1.00 1.80
24.78 0.08 1.00 1.80
24.83 0.06 1.00 1.80
24.89 0.04 1.00 1.80
24.94 0.02 1.00 1.80
25.00 0.01 1.00 1.80
25.06 -0.01 1.00 1.80
25.11 -0.03 1.00 1.80
25.17 -0.05 1.00 1.80
25.22 -0.06 1.00 1.80
25.28 -0.08 1.00 1.80
25.33 -0.10 1.00 1.80
25.39 -0.11 0.99 1.80
25.44 -0.13 0.99 1.80
25.50 -0.15 0.99 1.80
25.56 -0.17 0.99 1.80
25.61 -0.18 0.98 1.80
25.67 -0.20 0.98 1.80
25.72 -0.22 0.98 1.80
25.78 -0.23 0.97 1.80
25.83 -0.25 0.97 1.80
25.89 -0.27 0.96 1.80
25.94 -0.29 0.96 1.80
26.00 -0.30 0.95 1.80
26.06 -0.32 0.95 1.80
26.11 -0.33 0.94 1.80
26.17 -0.35 0.94 1.80
26.22 -0.37 0.93 1.80
26.28 -0.38 0.92 1.80
26.33 -0.40 0.92 1.80
26.39 -0.42 0.91 1.80
26.44 -0.43 0.90 1.80
26.50 -0.45 0.89 1.80
26.56 -0.46 0.89 1.80
26.61 -0.48 0.88 1.80
26.67 -0.49 0.87 1.80
26.72 -0.51 0.86 1.80
26.78 -0.52 0.85 1.80
26.83 -0.54 0.84 1.80
26.89 -0.55 0.83 1.80
26.94 -0.57 0.82 1.80
27.00 -0.58 0.81 1.80
27.06 -0.60 0.80 1.80
27.11 -0.61 0.79 1.80
27.17 -0.62 0.78 1.80
27.22 -0.64 0.77 1.80
27.28 -0.65 0.76 1.80
27.33 -0.66 0.75 1.80
27.39 -0.68 0.74 1.80
27.44 -0.69 0.72 1.80
27.50 -0.70 0.71 1.80
27.56 -0.71 0.70 1.80
27.61 -0.73 0.69 1.80
27.67 -0.74 0.68 1.80
27.72 -0.75 0.66 1.80
27.78 -0.76 0.65 1.80
27.83 -0.77 0.64 1.80
27.89 -0.78 0.62 1.80
27.94 -0.79 0.61 1.80
28.00 -0.80 0.59 1.80
28.06 -0.81 0.58 1.80
28.11 -0.82 0.57 1.80
28.17 -0.83 0.55 1.80
28.22 -0.84 0.54 1.80
28.28 -0.85 0.52 1.80
28.33 -0.86 0.51 1.80
28.39 -0.87 0.49 1.80
28.44 -0.88 0.48 1.80
28.50 -0.89 0.46 1.80
28.56 -0.90 0.45 1.80
28.61 -0.90 0.43 1.80
28.67 -0.91 0.41 1.80
28.72 -0.92 0.40 1.80
28.78 -0.92 0.38 1.80
28.83 -0.93 0.37 1.80
28.89 -0.94 0.35 1.80
28.94 -0.94 0.33 1.80
29.00 -0.95 0.32 1.80
29.06 -0.95 0.30 1.80
29.11 -0.96 0.28 1.80
29.17 -0.96 0.27 1.80
29.22 -0.97 0.25 1.80
29.28 -0.97 0.23 1.80
29.33 -0.98 0.22 1.80
29.39 -0.98 0.20 1.80
29.44 -0.98 0.18 1.80
29.50 -0.99 0.16 1.80
29.56 -0.99 0.15 1.80
29.61 -0.99 0.13 1.80
29.67 -0.99 0.11 1.80
29.72 -1.00 0.10 1.80
29.78 -1.00 0.08 1.80
29.83 -1.00 0.06 1.80
29.89 -1.00 0.04 1.80
29.94 -1.00 0.03 1.80
30.00 -1.00 0.01 1.80
30.06 -1.00 -0.01 1.80
30.11 -1.00 -0.03 1.80
30.17 -1.00 -0.04 1.80
30.22 -1.00 -0.06 1.80
30.28 -1.00 -0.08 1.80
30.33 -1.00 -0.10 1.80
30.39 -0.99 -0.11 1.80
30.44 -0.99 -0.13 1.80
30.50 -0.99 -0.15 1.80
30.56 -0.99 -0.16 1.80
30.61 -0.98 -0.18 1.80
30.67 -0.98 -0.20 1.80
30.72 -0.98 -0.22 1.80
30.78 -0.97 -0.23 1.80
30.83 -0.97 -0.25 1.80
30.89 -0.96 -0.27 1.80
30.94 -0.96 -0.28 1.80
31.00 -0.95 -0.30 1.80
31.06 -0.95 -0.32 1.80
31.11 -0.94 -0.33 1.80
31.17 -0.94 -0.35 1.80
31.22 -0.93 -0.37 1.80
31.28 -0.92 -0.38 1.80
31.33 -0.92 -0.40 1.80
31.39 -0.91 -0.41 1.80
31.44 -0.90 -0.43 1.80
31.50 -0.90 -0.45 1.80
31.56 -0.89 -0.46 1.80
31.61 -0.88 -0.48 1.80
31.67 -0.87 -0.49 1.80
31.72 -0.86 -0.51 1.80
31.78 -0.85 -0.52 1.80
31.83 -0.84 -0.54 1.80
31.89 -0.83 -0.55 1.80
31.94 -0.82 -0.57 1.80
32.00 -0.81 -0.58 1.80
32.06 -0.80 -0.59 1.80
32.11 -0.79 -0.61 1.80
32.17 -0.78 -0.62 1.80
32.22 -0.77 -0.64 1.80
32.28 -0.76 -0.65 1.80
32.33 -0.75 -0.66 1.80
32.39 -0.74 -0.68 1.80
32.44 -0.73 -0.69 1.80
32.50 -0.71 -0.70 1.80
32.56 -0.70 -0.71 1.80
32.61 -0.69 -0.72 1.80
32.67 -0.68 -0.74 1.80
32.72 -0.66 -0.75 1.80
32.78 -0.65 -0.76 1.80
32.83 -0.64 -0.77 1.80
32.89 -0.62 -0.78 1.80
32.94 -0.61 -0.79 1.80
33.00 -0.60 -0.80 1.80
33.06 -0.58 -0.81 1.80
33.11 -0.57 -0.82 1.80
33.17 -0.55 -0.83 1.80
33.22 -0.54 -0.84 1.80
33.28 -0.52 -0.85 1.80
33.33 -0.51 -0.86 1.80
33.39 -0.49 -0.87 1.80
33.44 -0.48 -0.88 1.80
33.50 -0.46 -0.89 1.80
33.56 -0.45 -0.89 1.80
33.61 -0.43 -0.90 1.80
33.67 -0.42 -0.91 1.80
33.72 -0.40 -0.92 1.80
33.78 -0.38 -0.92 1.80
33.83 -0.37 -0.93 1.80
33.89 -0.35 -0.94 1.80
33.94 -0.33 -0.94 1.80
34.00 -0.32 -0.95 1.80
34.06 -0.30 -0.95 1.80
34.11 -0.29 -0.96 1.80
34.17 -0.27 -0.96 1.80
34.22 -0.25 -0.97 1.80
34.28 -0.23 -0.97 1.80
34.33 -0.22 -0.98 1.80
34.39 -0.20 -0.98 1.80
34.44 -0.18 -0.98 1.80
34.50 -0.17 -0.99 1.80
34.56 -0.15 -0.99 1.80
34.61 -0.13 -0.99 1.80
34.67 -0.11 -0.99 1.80
34.72 -0.10 -1.00 1.80
34.78 -0.08 -1.00 1.80
34.83 -0.06 -1.00 1.80
34.89 -0.05 -1.00 1.80
34.94 -0.03 -1.00 1.80
35.00 -0.01 -1.00 1.80
35.06 0.01 -1.00 1.80
35.11 0.02 -1.00 1.80
35.17 0.04 -1.00 1.80
35.22 0.06 -1.00 1.80
35.28 0.08 -1.00 1.80
35.33 0.09 -1.00 1.80
35.39 0.11 -0.99 1.80
35.44 0.13 -0.99 1.80
35.50 0.15 -0.99 1.80
35.56 0.16 -0.99 1.80
35.61 0.18 -0.98 1.80
35.67 0.20 -0.98 1.80
35.72 0.21 -0.98 1.80
35.78 0.23 -0.97 1.80
35.83 0.25 -0.97 1.80
35.89 0.27 -0.96 1.80
35.94 0.28 -0.96 1.80
36.00 0.30 -0.95 1.80
36.06 0.32 -0.95 1.80
36.11 0.33 -0.94 1.80
36.17 0.35 -0.94 1.80
36.22 0.36 -0.93 1.80
36.28 0.38 -0.92 1.80
36.33 0.40 -0.92 1.80
36.39 0.41 -0.91 1.80
36.44 0.43 -0.90 1.80
36.50 0.44 -0.90 1.80
36.56 0.46 -0.89 1.80
36.61 0.48 -0.88 1.80
36.67 0.49 -0.87 1.80
36.72 0.51 -0.86 1.80
36.78 0.52 -0.85 1.80
36.83 0.54 -0.84 1.80
36.89 0.55 -0.83 1.80
36.94 0.56 -0.83 1.80
37.00 0.58 -0.82 1.80
37.06 0.59 -0.81 1.80
37.11 0.61 -0.79 1.80
37.17 0.62 -0.78 1.80
37.22 0.63 -0.77 1.80
37.28 0.65 -0.76 1.80
37.33 0.66 -0.75 1.80
37.39 0.67 -0.74 1.80
37.44 0.69 -0.73 1.80
37.50 0.70 -0.71 1.80
37.56 0.71 -0.70 1.80
37.61 0.72 -0.69 1.80
37.67 0.74 -0.68 1.80
37.72 0.75 -0.66 1.80
37.78 0.76 -0.65 1.80
37.83 0.77 -0.64 1.80
37.89 0.78 -0.62 1.80
37.94 0.79 -0.61 1.80
38.00 0.80 -0.60 1.80
38.06 0.81 -0.58 1.80
38.11 0.82 -0.57 1.80
38.17 0.83 -0.55 1.80
38.22 0.84 -0.54 1.80
38.28 0.85 -0.52 1.80
38.33 0.86 -0.51 1.80
38.39 0.87 -0.49 1.80
38.44 0.88 -0.48 1.80
38.50 0.89 -0.46 1.80
38.56 0.89 -0.45 1.80
38.61 0.90 -0.43 1.80
38.67 0.91 -0.42 1.80
38.72 0.92 -0.40 1.80
38.78 0.92 -0.39 1.80
38.83 0.93 -0.37 1.80
38.89 0.94 -0.35 1.80
38.94 0.94 -0.34 1.80
39.00 0.95 -0.32 1.80
39.06 0.95 -0.30 1.80
39.11 0.96 -0.29 1.80
39.17 0.96 -0.27 1.80
39.22 0.97 -0.25 1.80
39.28 0.97 -0.24 1.80
39.33 0.98 -0.22 1.80
39.39 0.98 -0.20 1.80
39.44 0.98 -0.18 1.80
39.50 0.99 -0.17 1.80
39.56 0.99 -0.15 1.80
39.61 0.99 -0.13 1.80
39.67 0.99 -0.12 1.80
39.72 1.00 -0.10 1.80
39.78 1.00 -0.08 1.80
39.83 1.00 -0.06 1.80
39.89 1.00 -0.05 1.80
39.94 1.00 -0.03 1.80
40.00 1.00 -0.01 1.80
40.06 1.00 0.01 1.80
40.11 1.00 0.02 1.80
40.17 1.00 0.04 1.80
40.22 1.00 0.06 1.80
40.28 1.00 0.08 1.80
40.33 1.00 0.09 1.80
40.39 0.99 0.11 1.80
40.44 0.99 0.13 1.80
40.50 0.99 0.14 1.80
40.56 0.99 0.16 1.80
40.61 0.98 0.18 1.80
40.67 0.98 0.20 1.80
40.72 0.98 0.21 1.80
40.78 0.97 0.23 1.80
40.83 0.97 0.25 1.80
40.89 0.96 0.26 1.80
40.94 0.96 0.28 1.80
41.00 0.95 0.30 1.80
41.06 0.95 0.31 1.80
41.11 0.94 0.33 1.80
41.17 0.94 0.35 1.80
41.22 0.93 0.36 1.80
41.28 0.93 0.38 1.80
41.33 0.92 0.40 1.80
41.39 0.91 0.41 1.80
41.44 0.90 0.43 1.80
41.50 0.90 0.44 1.80
41.56 0.89 0.46 1.80
41.61 0.88 0.47 1.80
41.67 0.87 0.49 1.80
41.72 0.86 0.50 1.80
41.78 0.85 0.52 1.80
41.83 0.85 0.53 1.80
41.89 0.84 0.55 1.80
41.94 0.83 0.56 1.80
42.00 0.82 0.58 1.80
42.06 0.81 0.59 1.80
42.11 0.80 0.61 1.80
42.17 0.78 0.62 1.80
42.22 0.77 0.63 1.80
42.28 0.76 0.65 1.80
42.33 0.75 0.66 1.80
42.39 0.74 0.67 1.80
42.44 0.73 0.69 1.80
42.50 0.72 0.70 1.80
42.56 0.70 0.71 1.80
42.61 0.69 0.72 1.80
42.67 0.68 0.73 1.80
42.72 0.67 0.75 1.80
42.78 0.65 0.76 1.80
42.83 0.64 0.77 1.80
42.89 0.63 0.78 1.80
42.94 0.61 0.79 1.80
43.00 0.60 0.80 1.80
43.06 0.58 0.81 1.80
43.11 0.57 0.82 1.80
43.17 0.56 0.83 1.80
43.22 0.54 0.84 1.80
43.28 0.53 0.85 1.80
43.33 0.51 0.86 1.80
43.39 0.50 0.87 1.80
43.44 0.48 0.88 1.80
43.50 0.47 0.89 1.80
43.56 0.45 0.89 1.80
43.61 0.43 0.90 1.80
43.67 0.42 0.91 1.80
43.72 0.40 0.92 1.80
43.78 0.39 0.92 1.80
43.83 0.37 0.93 1.80
43.89 0.35 0.94 1.80
43.94 0.34 0.94 1.80
44.00 0.32 0.95 1.80
44.06 0.30 0.95 1.80
44.11 0.29 0.96 1.80
44.17 0.27 0.96 1.80
44.22 0.25 0.97 1.80
44.28 0.24 0.97 1.80
44.33 0.22 0.98 1.80
44.39 0.20 0.98 1.80
44.44 0.19 0.98 1.80
44.50 0.17 0.99 1.80
44.56 0.15 0.99 1.80
44.61 0.13 0.99 1.80
44.67 0.12 0.99 1.80
44.72 0.10 0.99 1.80
44.78 0.08 1.00 1.80
44.83 0.07 1.00 1.80
44.89 0.05 1.00 1.80
44.94 0.03 1.00 1.80
45.00 0.01 1.00 1.80
45.06 -0.00 1.00 1.80
45.11 -0.02 1.00 1.80
45.17 -0.04 1.00 1.80
45.22 -0.06 1.00 1.80
45.28 -0.07 1.00 1.80
45.33 -0.09 1.00 1.80
45.39 -0.11 0.99 1.80
45.44 -0.13 0.99 1.80
45.50 -0.14 0.99 1.80
45.56 -0.16 0.99 1.80
45.61 -0.18 0.98 1.80
45.67 -0.19 0.98 1.80
45.72 -0.21 0.98 1.80
45.78 -0.23 0.97 1.80
45.83 -0.25 0.97 1.80
45.89 -0.26 0.96 1.80
45.94 -0.28 0.96 1.80
46.00 -0.30 0.96 1.80
46.06 -0.31 0.95 1.80
46.11 -0.33 0.94 1.80
46.17 -0.35 0.94 1.80
46.22 -0.36 0.93 1.80
46.28 -0.38 0.93 1.80
46.33 -0.39 0.92 1.80
46.39 -0.41 0.91 1.80
46.44 -0.43 0.90 1.80
46.50 -0.44 0.90 1.80
46.56 -0.46 0.89 1.80
46.61 -0.47 0.88 1.80
46.67 -0.49 0.87 1.80
46.72 -0.50 0.86 1.80
46.78 -0.52 0.86 1.80
46.83 -0.53 0.85 1.80
46.89 -0.55 0.84 1.80
46.94 -0.56 0.83 1.80
47.00 -0.58 0.82 1.80
47.06 -0.59 0.81 1.80
47.11 -0.60 0.80 1.80
47.17 -0.62 0.79 1.80
47.22 -0.63 0.77 1.80
47.28 -0.65 0.76 1.80
47.33 -0.66 0.75 1.80
47.39 -0.67 0.74 1.80
47.44 -0.68 0.73 1.80
47.50 -0.70 0.72 1.80
47.56 -0.71 0.70 1.80
47.61 -0.72 0.69 1.80
47.67 -0.73 0.68 1.80
47.72 -0.75 0.67 1.80
47.78 -0.76 0.65 1.80
47.83 -0.77 0.64 1.80
47.89 -0.78 0.63 1.80
47.94 -0.79 0.61 1.80
48.00 -0.80 0.60 1.80
48.06 -0.81 0.58 1.80
48.11 -0.82 0.57 1.80
48.17 -0.83 0.56 1.80
48.22 -0.84 0.54 1.80
48.28 -0.85 0.53 1.80
48.33 -0.86 0.51 1.80
48.39 -0.87 0.50 1.80
48.44 -0.88 0.48 1.80
48.50 -0.88 0.47 1.80
48.56 -0.89 0.45 1.80
48.61 -0.90 0.44 1.80
48.67 -0.91 0.42 1.80
48.72 -0.91 0.40 1.80
48.78 -0.92 0.39 1.80
48.83 -0.93 0.37 1.80
48.89 -0.93 0.36 1.80
48.94 -0.94 0.34 1.80
49.00 -0.95 0.32 1.80
49.06 -0.95 0.31 1.80
49.11 -0.96 0.29 1.80
49.17 -0.96 0.27 1.80
49.22 -0.97 0.26 1.80
49.28 -0.97 0.24 1.80
49.33 -0.98 0.22 1.80
49.39 -0.98 0.20 1.80
49.44 -0.98 0.19 1.80
49.50 -0.99 0.17 1.80
49.56 -0.99 0.15 1.80
49.61 -0.99 0.14 1.80
49.67 -0.99 0.12 1.80
49.72 -0.99 0.10 1.80
49.78 -1.00 0.08 1.80
49.83 -1.00 0.07 1.80
49.89 -1.00 0.05 1.80
49.94 -1.00 0.03 1.80
50.00 -1.00 0.01 1.80
50.06 -1.00 -0.00 1.80
50.11 -1.00 -0.02 1.80
50.17 -1.00 -0.04 1.80
50.22 -1.00 -0.06 1.80
50.28 -1.00 -0.07 1.80
50.33 -1.00 -0.09 1.80
50.39 -0.99 -0.11 1.80
50.44 -0.99 -0.12 1.80
50.50 -0.99 -0.14 1.80
50.56 -0.99 -0.16 1.80
50.61 -0.98 -0.18 1.80
50.67 -0.98 -0.19 1.80
50.72 -0.98 -0.21 1.80
50.78 -0.97 -0.23 1.80
50.83 -0.97 -0.24 1.80
50.89 -0.97 -0.26 1.80
50.94 -0.96 -0.28 1.80
51.00 -0.96 -0.29 1.80
51.06 -0.95 -0.31 1.80
51.11 -0.94 -0.33 1.80
51.17 -0.94 -0.34 1.80
51.22 -0.93 -0.36 1.80
51.28 -0.93 -0.38 1.80
51.33 -0.92 -0.39 1.80
51.39 -0.91 -0.41 1.80
51.44 -0.91 -0.42 1.80
51.50 -0.90 -0.44 1.80
51.56 -0.89 -0.46 1.80
51.61 -0.88 -0.47 1.80
51.67 -0.87 -0.49 1.80
51.72 -0.86 -0.50 1.80
51.78 -0.86 -0.52 1.80
51.83 -0.85 -0.53 1.80
51.89 -0.84 -0.55 1.80
51.94 -0.83 -0.56 1.80
52.00 -0.82 -0.58 1.80
52.06 -0.81 -0.59 1.80
52.11 -0.80 -0.60 1.80
52.17 -0.79 -0.62 1.80
52.22 -0.78 -0.63 1.80
52.28 -0.76 -0.64 1.80
52.33 -0.75 -0.66 1.80
52.39 -0.74 -0.67 1.80
52.44 -0.73 -0.68 1.80
52.50 -0.72 -0.70 1.80
52.56 -0.71 -0.71 1.80
52.61 -0.69 -0.72 1.80
52.67 -0.68 -0.73 1.80
52.72 -0.67 -0.74 1.80
52.78 -0.65 -0.76 1.80
52.83 -0.64 -0.77 1.80
52.89 -0.63 -0.78 1.80
52.94 -0.61 -0.79 1.80
53.00 -0.60 -0.80 1.80
53.06 -0.59 -0.81 1.80
53.11 -0.57 -0.82 1.80
53.17 -0.56 -0.83 1.80
53.22 -0.54 -0.84 1.80
53.28 -0.53 -0.85 1.80
53.33 -0.51 -0.86 1.80
53.39 -0.50 -0.87 1.80
53.44 -0.48 -0.88 1.80
53.50 -0.47 -0.88 1.80
53.56 -0.45 -0.89 1.80
53.61 -0.44 -0.90 1.80
53.67 -0.42 -0.91 1.80
53.72 -0.41 -0.91 1.80
53.78 -0.39 -0.92 1.80
53.83 -0.37 -0.93 1.80
53.89 -0.36 -0.93 1.80
53.94 -0.34 -0.94 1.80
54.00 -0.32 -0.95 1.80
54.06 -0.31 -0.95 1.80
54.11 -0.29 -0.96 1.80
54.17 -0.27 -0.96 1.80
54.22 -0.26 -0.97 1.80
54.28 -0.24 -0.97 1.80
54.33 -0.22 -0.97 1.80
54.39 -0.21 -0.98 1.80
54.44 -0.19 -0.98 1.80
54.50 -0.17 -0.99 1.80
54.56 -0.15 -0.99 1.80
54.61 -0.14 -0.99 1.80
54.67 -0.12 -0.99 1.80
54.72 -0.10 -0.99 1.80
54.78 -0.09 -1.00 1.80
54.83 -0.07 -1.00 1.80
54.89 -0.05 -1.00 1.80
54.94 -0.03 -1.00 1.80
55.00 -0.02 -1.00 1.80
55.06 0.00 -1.00 1.80
55.11 0.02 -1.00 1.80
55.17 0.04 -1.00 1.80
55.22 0.05 -1.00 1.80
55.28 0.07 -1.00 1.80
55.33 0.09 -1.00 1.80
55.39 0.11 -0.99 1.80
55.44 0.12 -0.99 1.80
55.50 0.14 -0.99 1.80
55.56 0.16 -0.99 1.80
55.61 0.17 -0.98 1.80
55.67 0.19 -0.98 1.80
55.72 0.21 -0.98 1.80
55.78 0.23 -0.97 1.80
55.83 0.24 -0.97 1.80
55.89 0.26 -0.97 1.80
55.94 0.28 -0.96 1.80
56.00 0.29 -0.96 1.80
56.06 0.31 -0.95 1.80
56.11 0.33 -0.95 1.80
56.17 0.34 -0.94 1.80
56.22 0.36 -0.93 1.80
56.28 0.38 -0.93 1.80
56.33 0.39 -0.92 1.80
56.39 0.41 -0.91 1.80
56.44 0.42 -0.91 1.80
56.50 0.44 -0.90 1.80
56.56 0.45 -0.89 1.80
56.61 0.47 -0.88 1.80
56.67 0.49 -0.87 1.80
56.72 0.50 -0.87 1.80
56.78 0.52 -0.86 1.80
56.83 0.53 -0.85 1.80
56.89 0.55 -0.84 1.80
56.94 0.56 -0.83 1.80
57.00 0.57 -0.82 1.80
57.06 0.59 -0.81 1.80
57.11 0.60 -0.80 1.80
57.17 0.62 -0.79 1.80
57.22 0.63 -0.78 1.80
57.28 0.64 -0.77 1.80
57.33 0.66 -0.75 1.80
57.39 0.67 -0.74 1.80
57.44 0.68 -0.73 1.80
57.50 0.70 -0.72 1.80
57.56 0.71 -0.71 1.80
57.61 0.72 -0.69 1.80
57.67 0.73 -0.68 1.80
57.72 0.74 -0.67 1.80
57.78 0.76 -0.66 1.80
57.83 0.77 -0.64 1.80
57.89 0.78 -0.63 1.80
57.94 0.79 -0.62 1.80
58.00 0.80 -0.60 1.80
58.06 0.81 -0.59 1.80
58.11 0.82 -0.57 1.80
58.17 0.83 -0.56 1.80
58.22 0.84 -0.54 1.80
58.28 0.85 -0.53 1.80
58.33 0.86 -0.51 1.80
58.39 0.87 -0.50 1.80
58.44 0.87 -0.48 1.80
58.50 0.88 -0.47 1.80
58.56 0.89 -0.45 1.80
58.61 0.90 -0.44 1.80
58.67 0.91 -0.42 1.80
58.72 0.91 -0.41 1.80
58.78 0.92 -0.39 1.80
58.83 0.93 -0.37 1.80
58.89 0.93 -0.36 1.80
58.94 0.94 -0.34 1.80
59.00 0.95 -0.33 1.80
59.06 0.95 -0.31 1.80
59.11 0.96 -0.29 1.80
59.17 0.96 -0.28 1.80
59.22 0.97 -0.26 1.80
59.28 0.97 -0.24 1.80
59.33 0.97 -0.22 1.80
59.39 0.98 -0.21 1.80
59.44 0.98 -0.19 1.80
59.50 0.98 -0.17 1.80
59.56 0.99 -0.16 1.80
59.61 0.99 -0.14 1.80
59.67 0.99 -0.12 1.80
59.72 0.99 -0.10 1.80
59.78 1.00 -0.09 1.80
59.83 1.00 -0.07 1.80
59.89 1.00 -0.05 1.80
59.94 1.00 -0.03 1.80
60.00 1.00 -0.02 1.80
