0.00 0.87 -0.50 1.80
0.01 0.94 -0.35 1.80
0.03 0.98 -0.20 1.80
0.04 1.00 -0.03 1.80
0.06 0.99 0.13 1.80
0.07 0.96 0.29 1.80
0.08 0.90 0.44 1.80
0.10 0.82 0.58 1.80
0.11 0.85 0.52 1.80
0.12 0.91 0.41 1.80
0.14 0.96 0.29 1.80
0.15 0.99 0.16 1.80
0.17 1.00 0.03 1.80
0.18 1.00 -0.09 1.80
0.19 0.98 -0.22 1.80
0.21 0.98 -0.17 1.80
0.22 1.00 -0.01 1.80
0.24 0.99 0.15 1.80
0.25 0.95 0.31 1.80
0.26 0.89 0.46 1.80
0.28 0.80 0.60 1.80
0.29 0.69 0.72 1.80
0.31 0.66 0.75 1.80
0.32 0.75 0.66 1.80
0.33 0.83 0.56 1.80
0.35 0.89 0.45 1.80
0.36 0.94 0.33 1.80
0.38 0.98 0.21 1.80
0.39 1.00 0.08 1.80
0.40 1.00 0.01 1.80
0.42 0.98 0.17 1.80
0.43 0.94 0.33 1.80
0.44 0.88 0.48 1.80
0.46 0.79 0.62 1.80
0.47 0.68 0.74 1.80
0.49 0.55 0.84 1.80
0.50 0.41 0.91 1.80
0.51 0.52 0.85 1.80
0.53 0.62 0.78 1.80
0.54 0.72 0.69 1.80
0.56 0.80 0.60 1.80
0.57 0.87 0.49 1.80
0.58 0.93 0.37 1.80
0.60 0.97 0.25 1.80
0.61 0.94 0.35 1.80
0.62 0.87 0.50 1.80
0.64 0.77 0.63 1.80
0.65 0.66 0.75 1.80
0.67 0.53 0.85 1.80
0.68 0.39 0.92 1.80
0.69 0.23 0.97 1.80
0.71 0.24 0.97 1.80
0.72 0.36 0.93 1.80
0.74 0.48 0.88 1.80
0.75 0.59 0.81 1.80
0.76 0.69 0.73 1.80
0.78 0.77 0.63 1.80
0.79 0.85 0.53 1.80
0.81 0.85 0.52 1.80
0.82 0.76 0.65 1.80
0.83 0.64 0.77 1.80
0.85 0.51 0.86 1.80
0.86 0.36 0.93 1.80
0.88 0.21 0.98 1.80
0.89 0.05 1.00 1.80
0.90 -0.06 1.00 1.80
0.92 0.07 1.00 1.80
0.93 0.20 0.98 1.80
0.94 0.32 0.95 1.80
0.96 0.44 0.90 1.80
0.97 0.55 0.84 1.80
0.99 0.65 0.76 1.80
1.00 0.74 0.67 1.80
1.01 0.62 0.78 1.80
1.03 0.49 0.87 1.80
1.04 0.34 0.94 1.80
1.06 0.19 0.98 1.80
1.07 0.02 1.00 1.80
1.08 -0.14 0.99 1.80
1.10 -0.30 0.95 1.80
1.11 -0.23 0.97 1.80
1.12 -0.10 0.99 1.80
1.14 0.02 1.00 1.80
1.15 0.15 0.99 1.80
1.17 0.28 0.96 1.80
1.18 0.40 0.92 1.80
1.19 0.51 0.86 1.80
1.21 0.47 0.88 1.80
1.22 0.32 0.95 1.80
1.24 0.16 0.99 1.80
1.25 -0.00 1.00 1.80
1.26 -0.16 0.99 1.80
1.28 -0.32 0.95 1.80
1.29 -0.47 0.88 1.80
1.31 -0.51 0.86 1.80
1.32 -0.40 0.92 1.80
1.33 -0.28 0.96 1.80
1.35 -0.15 0.99 1.80
1.36 -0.02 1.00 1.80
1.38 0.10 0.99 1.80
1.39 0.23 0.97 1.80
1.40 0.30 0.95 1.80
1.42 0.14 0.99 1.80
1.43 -0.02 1.00 1.80
1.44 -0.19 0.98 1.80
1.46 -0.34 0.94 1.80
1.47 -0.49 0.87 1.80
1.49 -0.62 0.78 1.80
1.50 -0.74 0.67 1.80
1.51 -0.65 0.76 1.80
1.53 -0.55 0.84 1.80
1.54 -0.44 0.90 1.80
1.56 -0.32 0.95 1.80
1.57 -0.20 0.98 1.80
1.58 -0.07 1.00 1.80
1.60 0.06 1.00 1.80
1.61 -0.05 1.00 1.80
1.62 -0.21 0.98 1.80
1.64 -0.36 0.93 1.80
1.65 -0.51 0.86 1.80
1.67 -0.64 0.77 1.80
1.68 -0.76 0.65 1.80
1.69 -0.85 0.52 1.80
1.71 -0.85 0.53 1.80
1.72 -0.77 0.63 1.80
1.74 -0.69 0.73 1.80
1.75 -0.59 0.81 1.80
1.76 -0.48 0.88 1.80
1.78 -0.36 0.93 1.80
1.79 -0.24 0.97 1.80
1.81 -0.23 0.97 1.80
1.82 -0.39 0.92 1.80
1.83 -0.53 0.85 1.80
1.85 -0.66 0.75 1.80
1.86 -0.77 0.63 1.80
1.88 -0.87 0.50 1.80
1.89 -0.94 0.35 1.80
1.90 -0.97 0.25 1.80
1.92 -0.93 0.37 1.80
1.93 -0.87 0.49 1.80
1.94 -0.80 0.60 1.80
1.96 -0.72 0.69 1.80
1.97 -0.62 0.78 1.80
1.99 -0.52 0.85 1.80
2.00 -0.41 0.91 1.80
2.01 -0.55 0.84 1.80
2.03 -0.68 0.74 1.80
2.04 -0.79 0.62 1.80
2.06 -0.88 0.48 1.80
2.07 -0.94 0.33 1.80
2.08 -0.98 0.17 1.80
2.10 -1.00 0.01 1.80
2.11 -1.00 0.08 1.80
2.12 -0.98 0.21 1.80
2.14 -0.94 0.33 1.80
2.15 -0.89 0.45 1.80
2.17 -0.83 0.56 1.80
2.18 -0.75 0.66 1.80
2.19 -0.66 0.75 1.80
2.21 -0.69 0.72 1.80
2.22 -0.80 0.60 1.80
2.24 -0.89 0.46 1.80
2.25 -0.95 0.31 1.80
2.26 -0.99 0.15 1.80
2.28 -1.00 -0.01 1.80
2.29 -0.98 -0.17 1.80
2.31 -0.98 -0.22 1.80
2.32 -1.00 -0.09 1.80
2.33 -1.00 0.03 1.80
2.35 -0.99 0.16 1.80
2.36 -0.96 0.29 1.80
2.38 -0.91 0.41 1.80
2.39 -0.85 0.52 1.80
2.40 -0.82 0.58 1.80
2.42 -0.90 0.44 1.80
2.43 -0.96 0.29 1.80
2.44 -0.99 0.13 1.80
2.46 -1.00 -0.03 1.80
2.47 -0.98 -0.20 1.80
2.49 -0.94 -0.35 1.80
2.50 -0.87 -0.50 1.80
2.51 -0.92 -0.39 1.80
2.53 -0.96 -0.26 1.80
2.54 -0.99 -0.14 1.80
2.56 -1.00 -0.01 1.80
2.57 -0.99 0.12 1.80
2.58 -0.97 0.24 1.80
2.60 -0.93 0.36 1.80
2.61 -0.96 0.26 1.80
2.62 -0.99 0.10 1.80
2.64 -1.00 -0.06 1.80
2.65 -0.98 -0.22 1.80
2.67 -0.93 -0.37 1.80
2.68 -0.85 -0.52 1.80
2.69 -0.76 -0.65 1.80
2.71 -0.77 -0.64 1.80
2.72 -0.84 -0.54 1.80
2.74 -0.90 -0.43 1.80
2.75 -0.95 -0.31 1.80
2.76 -0.98 -0.19 1.80
2.78 -1.00 -0.06 1.80
2.79 -1.00 0.07 1.80
2.81 -1.00 0.08 1.80
2.82 -1.00 -0.08 1.80
2.83 -0.97 -0.24 1.80
2.85 -0.92 -0.40 1.80
2.86 -0.84 -0.54 1.80
2.88 -0.74 -0.67 1.80
2.89 -0.62 -0.78 1.80
2.90 -0.54 -0.84 1.80
2.92 -0.64 -0.77 1.80
2.93 -0.74 -0.68 1.80
2.94 -0.82 -0.58 1.80
2.96 -0.88 -0.47 1.80
2.97 -0.94 -0.35 1.80
2.99 -0.97 -0.23 1.80
3.00 -0.99 -0.10 1.80
3.01 -0.96 -0.26 1.80
3.03 -0.91 -0.42 1.80
3.04 -0.83 -0.56 1.80
3.06 -0.73 -0.69 1.80
3.07 -0.61 -0.80 1.80
3.08 -0.47 -0.88 1.80
3.10 -0.32 -0.95 1.80
3.11 -0.39 -0.92 1.80
3.12 -0.50 -0.87 1.80
3.14 -0.61 -0.80 1.80
3.15 -0.70 -0.71 1.80
3.17 -0.79 -0.62 1.80
3.18 -0.86 -0.51 1.80
3.19 -0.92 -0.40 1.80
3.21 -0.90 -0.44 1.80
3.22 -0.82 -0.58 1.80
3.24 -0.71 -0.70 1.80
3.25 -0.59 -0.81 1.80
3.26 -0.45 -0.89 1.80
3.28 -0.30 -0.95 1.80
3.29 -0.14 -0.99 1.80
3.31 -0.09 -1.00 1.80
3.32 -0.22 -0.98 1.80
3.33 -0.34 -0.94 1.80
3.35 -0.46 -0.89 1.80
3.36 -0.57 -0.82 1.80
3.38 -0.67 -0.74 1.80
3.39 -0.76 -0.65 1.80
3.40 -0.80 -0.60 1.80
3.42 -0.69 -0.72 1.80
3.43 -0.57 -0.82 1.80
3.44 -0.43 -0.90 1.80
3.46 -0.28 -0.96 1.80
3.47 -0.12 -0.99 1.80
3.49 0.05 -1.00 1.80
3.50 0.21 -0.98 1.80
3.51 0.08 -1.00 1.80
3.53 -0.05 -1.00 1.80
3.54 -0.17 -0.98 1.80
3.56 -0.30 -0.95 1.80
3.57 -0.42 -0.91 1.80
3.58 -0.53 -0.85 1.80
3.60 -0.63 -0.77 1.80
3.61 -0.55 -0.84 1.80
3.62 -0.41 -0.91 1.80
3.64 -0.25 -0.97 1.80
3.65 -0.09 -1.00 1.80
3.67 0.07 -1.00 1.80
3.68 0.23 -0.97 1.80
3.69 0.39 -0.92 1.80
3.71 0.37 -0.93 1.80
3.72 0.25 -0.97 1.80
3.74 0.13 -0.99 1.80
3.75 0.00 -1.00 1.80
3.76 -0.13 -0.99 1.80
3.78 -0.25 -0.97 1.80
3.79 -0.37 -0.93 1.80
3.81 -0.39 -0.92 1.80
3.82 -0.23 -0.97 1.80
3.83 -0.07 -1.00 1.80
3.85 0.09 -1.00 1.80
3.86 0.25 -0.97 1.80
3.88 0.41 -0.91 1.80
3.89 0.55 -0.84 1.80
3.90 0.63 -0.77 1.80
3.92 0.53 -0.85 1.80
3.93 0.42 -0.91 1.80
3.94 0.30 -0.95 1.80
3.96 0.17 -0.98 1.80
3.97 0.05 -1.00 1.80
3.99 -0.08 -1.00 1.80
4.00 -0.21 -0.98 1.80
4.01 -0.05 -1.00 1.80
4.03 0.12 -0.99 1.80
4.04 0.28 -0.96 1.80
4.06 0.43 -0.90 1.80
4.07 0.57 -0.82 1.80
4.08 0.69 -0.72 1.80
4.10 0.80 -0.60 1.80
4.11 0.76 -0.65 1.80
4.12 0.67 -0.74 1.80
4.14 0.57 -0.82 1.80
4.15 0.46 -0.89 1.80
4.17 0.34 -0.94 1.80
4.18 0.22 -0.98 1.80
4.19 0.09 -1.00 1.80
4.21 0.14 -0.99 1.80
4.22 0.30 -0.95 1.80
4.24 0.45 -0.89 1.80
4.25 0.59 -0.81 1.80
4.26 0.71 -0.70 1.80
4.28 0.82 -0.58 1.80
4.29 0.90 -0.44 1.80
4.31 0.92 -0.40 1.80
4.32 0.86 -0.51 1.80
4.33 0.79 -0.62 1.80
4.35 0.70 -0.71 1.80
4.36 0.61 -0.80 1.80
4.38 0.50 -0.87 1.80
4.39 0.39 -0.92 1.80
4.40 0.32 -0.95 1.80
4.42 0.47 -0.88 1.80
4.43 0.61 -0.80 1.80
4.44 0.73 -0.69 1.80
4.46 0.83 -0.56 1.80
4.47 0.91 -0.42 1.80
4.49 0.96 -0.26 1.80
4.50 0.99 -0.10 1.80
4.51 0.97 -0.23 1.80
4.53 0.94 -0.35 1.80
4.54 0.88 -0.47 1.80
4.56 0.82 -0.58 1.80
4.57 0.74 -0.68 1.80
4.58 0.64 -0.77 1.80
4.60 0.54 -0.84 1.80
4.61 0.62 -0.78 1.80
4.62 0.74 -0.67 1.80
4.64 0.84 -0.54 1.80
4.65 0.92 -0.40 1.80
4.67 0.97 -0.24 1.80
4.68 1.00 -0.08 1.80
4.69 1.00 0.08 1.80
4.71 1.00 0.07 1.80
4.72 1.00 -0.06 1.80
4.74 0.98 -0.19 1.80
4.75 0.95 -0.31 1.80
4.76 0.90 -0.43 1.80
4.78 0.84 -0.54 1.80
4.79 0.77 -0.64 1.80
4.81 0.76 -0.65 1.80
4.82 0.85 -0.52 1.80
4.83 0.93 -0.37 1.80
4.85 0.98 -0.22 1.80
4.86 1.00 -0.06 1.80
4.88 0.99 0.10 1.80
4.89 0.96 0.26 1.80
4.90 0.93 0.36 1.80
4.92 0.97 0.24 1.80
4.93 0.99 0.12 1.80
4.94 1.00 -0.01 1.80
4.96 0.99 -0.14 1.80
4.97 0.96 -0.26 1.80
4.99 0.92 -0.39 1.80
5.00 0.87 -0.50 1.80
