0.00 1.00 0.00 1.80
0.02 1.00 0.02 1.80
0.03 1.00 0.04 1.80
0.05 1.00 0.06 1.80
0.07 1.00 0.08 1.80
0.08 0.99 0.10 1.80
0.10 0.99 0.12 1.80
0.12 0.99 0.15 1.80
0.13 0.99 0.17 1.80
0.15 0.98 0.19 1.80
0.17 0.98 0.21 1.80
0.18 0.97 0.23 1.80
0.20 0.97 0.25 1.80
0.22 0.96 0.27 1.80
0.23 0.96 0.29 1.80
0.25 0.95 0.31 1.80
0.27 0.94 0.33 1.80
0.28 0.94 0.35 1.80
0.30 0.93 0.37 1.80
0.32 0.92 0.39 1.80
0.33 0.91 0.41 1.80
0.35 0.91 0.42 1.80
0.37 0.90 0.44 1.80
0.38 0.89 0.46 1.80
0.40 0.88 0.48 1.80
0.42 0.87 0.50 1.80
0.43 0.86 0.52 1.80
0.45 0.85 0.53 1.80
0.47 0.83 0.55 1.80
0.48 0.82 0.57 1.80
0.50 0.81 0.59 1.80
0.52 0.80 0.60 1.80
0.53 0.79 0.62 1.80
0.55 0.77 0.64 1.80
0.57 0.76 0.65 1.80
0.58 0.74 0.67 1.80
0.60 0.73 0.68 1.80
0.62 0.72 0.70 1.80
0.63 0.70 0.71 1.80
0.65 0.69 0.73 1.80
0.67 0.67 0.74 1.80
0.68 0.66 0.76 1.80
0.70 0.64 0.77 1.80
0.72 0.62 0.78 1.80
0.73 0.61 0.79 1.80
0.75 0.59 0.81 1.80
0.77 0.57 0.82 1.80
0.78 0.56 0.83 1.80
0.80 0.54 0.84 1.80
0.82 0.52 0.85 1.80
0.83 0.50 0.86 1.80
0.85 0.48 0.87 1.80
0.87 0.47 0.88 1.80
0.88 0.45 0.89 1.80
0.90 0.43 0.90 1.80
0.92 0.41 0.91 1.80
0.93 0.39 0.92 1.80
0.95 0.37 0.93 1.80
0.97 0.35 0.94 1.80
0.98 0.33 0.94 1.80
1.00 0.31 0.95 1.80
1.02 0.29 0.96 1.80
1.03 0.27 0.96 1.80
1.05 0.25 0.97 1.80
1.07 0.23 0.97 1.80
1.08 0.21 0.98 1.80
1.10 0.19 0.98 1.80
1.12 0.17 0.99 1.80
1.13 0.15 0.99 1.80
1.15 0.13 0.99 1.80
1.17 0.11 0.99 1.80
1.18 0.09 1.00 1.80
1.20 0.07 1.00 1.80
1.22 0.05 1.00 1.80
1.23 0.03 1.00 1.80
1.25 0.01 1.00 1.80
1.27 -0.02 1.00 1.80
1.28 -0.04 1.00 1.80
1.30 -0.06 1.00 1.80
1.32 -0.08 1.00 1.80
1.33 -0.10 1.00 1.80
1.35 -0.12 0.99 1.80
1.37 -0.14 0.99 1.80
1.38 -0.16 0.99 1.80
1.40 -0.18 0.98 1.80
1.42 -0.20 0.98 1.80
1.43 -0.22 0.97 1.80
1.45 -0.24 0.97 1.80
1.47 -0.26 0.96 1.80
1.48 -0.28 0.96 1.80
1.50 -0.30 0.95 1.80
1.52 -0.32 0.95 1.80
1.53 -0.34 0.94 1.80
1.55 -0.36 0.93 1.80
1.57 -0.38 0.92 1.80
1.58 -0.40 0.92 1.80
1.60 -0.42 0.91 1.80
1.62 -0.44 0.90 1.80
1.63 -0.46 0.89 1.80
1.65 -0.48 0.88 1.80
1.67 -0.49 0.87 1.80
1.68 -0.51 0.86 1.80
1.70 -0.53 0.85 1.80
1.72 -0.55 0.84 1.80
1.73 -0.56 0.83 1.80
1.75 -0.58 0.81 1.80
1.77 -0.60 0.80 1.80
1.78 -0.62 0.79 1.80
1.80 -0.63 0.78 1.80
1.82 -0.65 0.76 1.80
1.83 -0.66 0.75 1.80
1.85 -0.68 0.73 1.80
1.87 -0.69 0.72 1.80
1.88 -0.71 0.71 1.80
1.90 -0.72 0.69 1.80
1.92 -0.74 0.68 1.80
1.93 -0.75 0.66 1.80
1.95 -0.77 0.64 1.80
1.97 -0.78 0.63 1.80
1.98 -0.79 0.61 1.80
2.00 -0.80 0.59 1.80
2.02 -0.82 0.58 1.80
2.03 -0.83 0.56 1.80
2.05 -0.84 0.54 1.80
2.07 -0.85 0.53 1.80
2.08 -0.86 0.51 1.80
2.10 -0.87 0.49 1.80
2.12 -0.88 0.47 1.80
2.13 -0.89 0.45 1.80
2.15 -0.90 0.43 1.80
2.17 -0.91 0.41 1.80
2.18 -0.92 0.40 1.80
2.20 -0.93 0.38 1.80
2.22 -0.93 0.36 1.80
2.23 -0.94 0.34 1.80
2.25 -0.95 0.32 1.80
2.27 -0.95 0.30 1.80
2.28 -0.96 0.28 1.80
2.30 -0.97 0.26 1.80
2.32 -0.97 0.24 1.80
2.33 -0.98 0.22 1.80
2.35 -0.98 0.20 1.80
2.37 -0.98 0.18 1.80
2.38 -0.99 0.16 1.80
2.40 -0.99 0.14 1.80
2.42 -0.99 0.11 1.80
2.43 -1.00 0.09 1.80
2.45 -1.00 0.07 1.80
2.47 -1.00 0.05 1.80
2.48 -1.00 0.03 1.80
2.50 -1.00 0.01 1.80
2.52 -1.00 -0.01 1.80
2.53 -1.00 -0.03 1.80
2.55 -1.00 -0.05 1.80
2.57 -1.00 -0.07 1.80
2.58 -1.00 -0.09 1.80
2.60 -0.99 -0.11 1.80
2.62 -0.99 -0.14 1.80
2.63 -0.99 -0.16 1.80
2.65 -0.98 -0.18 1.80
2.67 -0.98 -0.20 1.80
2.68 -0.98 -0.22 1.80
2.70 -0.97 -0.24 1.80
2.72 -0.97 -0.26 1.80
2.73 -0.96 -0.28 1.80
2.75 -0.95 -0.30 1.80
2.77 -0.95 -0.32 1.80
2.78 -0.94 -0.34 1.80
2.80 -0.93 -0.36 1.80
2.82 -0.93 -0.38 1.80
2.83 -0.92 -0.40 1.80
2.85 -0.91 -0.41 1.80
2.87 -0.90 -0.43 1.80
2.88 -0.89 -0.45 1.80
2.90 -0.88 -0.47 1.80
2.92 -0.87 -0.49 1.80
2.93 -0.86 -0.51 1.80
2.95 -0.85 -0.53 1.80
2.97 -0.84 -0.54 1.80
2.98 -0.83 -0.56 1.80
3.00 -0.82 -0.58 1.80
3.02 -0.80 -0.59 1.80
3.03 -0.79 -0.61 1.80
3.05 -0.78 -0.63 1.80
3.07 -0.77 -0.64 1.80
3.08 -0.75 -0.66 1.80
3.10 -0.74 -0.68 1.80
3.12 -0.72 -0.69 1.80
3.13 -0.71 -0.71 1.80
3.15 -0.69 -0.72 1.80
3.17 -0.68 -0.73 1.80
3.18 -0.66 -0.75 1.80
3.20 -0.65 -0.76 1.80
3.22 -0.63 -0.78 1.80
3.23 -0.62 -0.79 1.80
3.25 -0.60 -0.80 1.80
3.27 -0.58 -0.81 1.80
3.28 -0.56 -0.83 1.80
3.30 -0.55 -0.84 1.80
3.32 -0.53 -0.85 1.80
3.33 -0.51 -0.86 1.80
3.35 -0.49 -0.87 1.80
3.37 -0.48 -0.88 1.80
3.38 -0.46 -0.89 1.80
3.40 -0.44 -0.90 1.80
3.42 -0.42 -0.91 1.80
3.43 -0.40 -0.92 1.80
3.45 -0.38 -0.92 1.80
3.47 -0.36 -0.93 1.80
3.48 -0.34 -0.94 1.80
3.50 -0.32 -0.95 1.80
3.52 -0.30 -0.95 1.80
3.53 -0.28 -0.96 1.80
3.55 -0.26 -0.96 1.80
3.57 -0.24 -0.97 1.80
3.58 -0.22 -0.97 1.80
3.60 -0.20 -0.98 1.80
3.62 -0.18 -0.98 1.80
3.63 -0.16 -0.99 1.80
3.65 -0.14 -0.99 1.80
3.67 -0.12 -0.99 1.80
3.68 -0.10 -1.00 1.80
3.70 -0.08 -1.00 1.80
3.72 -0.06 -1.00 1.80
3.73 -0.04 -1.00 1.80
3.75 -0.02 -1.00 1.80
3.77 0.01 -1.00 1.80
3.78 0.03 -1.00 1.80
3.80 0.05 -1.00 1.80
3.82 0.07 -1.00 1.80
3.83 0.09 -1.00 1.80
3.85 0.11 -0.99 1.80
3.87 0.13 -0.99 1.80
3.88 0.15 -0.99 1.80
3.90 0.17 -0.99 1.80
3.92 0.19 -0.98 1.80
3.93 0.21 -0.98 1.80
3.95 0.23 -0.97 1.80
3.97 0.25 -0.97 1.80
3.98 0.27 -0.96 1.80
4.00 0.29 -0.96 1.80
4.02 0.31 -0.95 1.80
4.03 0.33 -0.94 1.80
4.05 0.35 -0.94 1.80
4.07 0.37 -0.93 1.80
4.08 0.39 -0.92 1.80
4.10 0.41 -0.91 1.80
4.12 0.43 -0.90 1.80
4.13 0.45 -0.89 1.80
4.15 0.47 -0.88 1.80
4.17 0.48 -0.87 1.80
4.18 0.50 -0.86 1.80
4.20 0.52 -0.85 1.80
4.22 0.54 -0.84 1.80
4.23 0.56 -0.83 1.80
4.25 0.57 -0.82 1.80
4.27 0.59 -0.81 1.80
4.28 0.61 -0.79 1.80
4.30 0.62 -0.78 1.80
4.32 0.64 -0.77 1.80
4.33 0.66 -0.76 1.80
4.35 0.67 -0.74 1.80
4.37 0.69 -0.73 1.80
4.38 0.70 -0.71 1.80
4.40 0.72 -0.70 1.80
4.42 0.73 -0.68 1.80
4.43 0.74 -0.67 1.80
4.45 0.76 -0.65 1.80
4.47 0.77 -0.64 1.80
4.48 0.79 -0.62 1.80
4.50 0.80 -0.60 1.80
4.52 0.81 -0.59 1.80
4.53 0.82 -0.57 1.80
4.55 0.83 -0.55 1.80
4.57 0.85 -0.53 1.80
4.58 0.86 -0.52 1.80
4.60 0.87 -0.50 1.80
4.62 0.88 -0.48 1.80
4.63 0.89 -0.46 1.80
4.65 0.90 -0.44 1.80
4.67 0.91 -0.42 1.80
4.68 0.91 -0.41 1.80
4.70 0.92 -0.39 1.80
4.72 0.93 -0.37 1.80
4.73 0.94 -0.35 1.80
4.75 0.94 -0.33 1.80
4.77 0.95 -0.31 1.80
4.78 0.96 -0.29 1.80
4.80 0.96 -0.27 1.80
4.82 0.97 -0.25 1.80
4.83 0.97 -0.23 1.80
4.85 0.98 -0.21 1.80
4.87 0.98 -0.19 1.80
4.88 0.99 -0.17 1.80
4.90 0.99 -0.15 1.80
4.92 0.99 -0.12 1.80
4.93 0.99 -0.10 1.80
4.95 1.00 -0.08 1.80
4.97 1.00 -0.06 1.80
4.98 1.00 -0.04 1.80
5.00 1.00 -0.02 1.80
