0.00 1.00 0.00 1.80
0.01 1.00 0.05 1.80
0.02 0.99 0.11 1.80
0.03 0.99 0.16 1.80
0.03 0.98 0.22 1.80
0.04 0.96 0.27 1.80
0.05 0.95 0.32 1.80
0.06 0.93 0.37 1.80
0.07 0.91 0.41 1.80
0.07 0.89 0.46 1.80
0.08 0.87 0.50 1.80
0.09 0.84 0.54 1.80
0.10 0.82 0.58 1.80
0.11 0.79 0.61 1.80
0.12 0.76 0.64 1.80
0.12 0.74 0.67 1.80
0.13 0.71 0.70 1.80
0.14 0.69 0.73 1.80
0.15 0.66 0.75 1.80
0.16 0.64 0.77 1.80
0.17 0.62 0.79 1.80
0.17 0.60 0.80 1.80
0.18 0.58 0.82 1.80
0.19 0.56 0.83 1.80
0.20 0.54 0.84 1.80
0.21 0.53 0.85 1.80
0.22 0.52 0.85 1.80
0.23 0.51 0.86 1.80
0.23 0.50 0.86 1.80
0.24 0.50 0.87 1.80
0.25 0.50 0.87 1.80
0.26 0.50 0.87 1.80
0.27 0.50 0.86 1.80
0.28 0.51 0.86 1.80
0.28 0.52 0.85 1.80
0.29 0.53 0.85 1.80
0.30 0.54 0.84 1.80
0.31 0.56 0.83 1.80
0.32 0.58 0.82 1.80
0.33 0.60 0.80 1.80
0.33 0.62 0.79 1.80
0.34 0.64 0.77 1.80
0.35 0.66 0.75 1.80
0.36 0.69 0.73 1.80
0.37 0.71 0.70 1.80
0.38 0.74 0.67 1.80
0.38 0.76 0.64 1.80
0.39 0.79 0.61 1.80
0.40 0.82 0.58 1.80
0.41 0.84 0.54 1.80
0.42 0.87 0.50 1.80
0.42 0.89 0.46 1.80
0.43 0.91 0.41 1.80
0.44 0.93 0.37 1.80
0.45 0.95 0.32 1.80
0.46 0.96 0.27 1.80
0.47 0.98 0.22 1.80
0.47 0.99 0.16 1.80
0.48 0.99 0.11 1.80
0.49 1.00 0.05 1.80
0.50 1.00 0.00 1.80
0.51 1.00 -0.05 1.80
0.52 0.99 -0.11 1.80
0.53 0.99 -0.16 1.80
0.53 0.98 -0.22 1.80
0.54 0.96 -0.27 1.80
0.55 0.95 -0.32 1.80
0.56 0.93 -0.37 1.80
0.57 0.91 -0.41 1.80
0.57 0.89 -0.46 1.80
0.58 0.87 -0.50 1.80
0.59 0.84 -0.54 1.80
0.60 0.82 -0.58 1.80
0.61 0.79 -0.61 1.80
0.62 0.76 -0.64 1.80
0.62 0.74 -0.67 1.80
0.63 0.71 -0.70 1.80
0.64 0.69 -0.73 1.80
0.65 0.66 -0.75 1.80
0.66 0.64 -0.77 1.80
0.67 0.62 -0.79 1.80
0.68 0.60 -0.80 1.80
0.68 0.58 -0.82 1.80
0.69 0.56 -0.83 1.80
0.70 0.54 -0.84 1.80
0.71 0.53 -0.85 1.80
0.72 0.52 -0.85 1.80
0.72 0.51 -0.86 1.80
0.73 0.50 -0.86 1.80
0.74 0.50 -0.87 1.80
0.75 0.50 -0.87 1.80
0.76 0.50 -0.87 1.80
0.77 0.50 -0.86 1.80
0.78 0.51 -0.86 1.80
0.78 0.52 -0.85 1.80
0.79 0.53 -0.85 1.80
0.80 0.54 -0.84 1.80
0.81 0.56 -0.83 1.80
0.82 0.58 -0.82 1.80
0.82 0.60 -0.80 1.80
0.83 0.62 -0.79 1.80
0.84 0.64 -0.77 1.80
0.85 0.66 -0.75 1.80
0.86 0.69 -0.73 1.80
0.87 0.71 -0.70 1.80
0.88 0.74 -0.67 1.80
0.88 0.76 -0.64 1.80
0.89 0.79 -0.61 1.80
0.90 0.82 -0.58 1.80
0.91 0.84 -0.54 1.80
0.92 0.87 -0.50 1.80
0.92 0.89 -0.46 1.80
0.93 0.91 -0.41 1.80
0.94 0.93 -0.37 1.80
0.95 0.95 -0.32 1.80
0.96 0.96 -0.27 1.80
0.97 0.98 -0.22 1.80
0.97 0.99 -0.16 1.80
0.98 0.99 -0.11 1.80
0.99 1.00 -0.05 1.80
1.00 1.00 -0.00 1.80
1.01 1.00 0.05 1.80
1.02 0.99 0.11 1.80
1.02 0.99 0.16 1.80
1.03 0.98 0.22 1.80
1.04 0.96 0.27 1.80
1.05 0.95 0.32 1.80
1.06 0.93 0.37 1.80
1.07 0.91 0.41 1.80
1.07 0.89 0.46 1.80
1.08 0.87 0.50 1.80
1.09 0.84 0.54 1.80
1.10 0.82 0.58 1.80
1.11 0.79 0.61 1.80
1.12 0.76 0.64 1.80
1.12 0.74 0.67 1.80
1.13 0.71 0.70 1.80
1.14 0.69 0.73 1.80
1.15 0.66 0.75 1.80
1.16 0.64 0.77 1.80
1.17 0.62 0.79 1.80
1.18 0.60 0.80 1.80
1.18 0.58 0.82 1.80
1.19 0.56 0.83 1.80
1.20 0.54 0.84 1.80
1.21 0.53 0.85 1.80
1.22 0.52 0.85 1.80
1.23 0.51 0.86 1.80
1.23 0.50 0.86 1.80
1.24 0.50 0.87 1.80
1.25 0.50 0.87 1.80
1.26 0.50 0.87 1.80
1.27 0.50 0.86 1.80
1.27 0.51 0.86 1.80
1.28 0.52 0.85 1.80
1.29 0.53 0.85 1.80
1.30 0.54 0.84 1.80
1.31 0.56 0.83 1.80
1.32 0.58 0.82 1.80
1.32 0.60 0.80 1.80
1.33 0.62 0.79 1.80
1.34 0.64 0.77 1.80
1.35 0.66 0.75 1.80
1.36 0.69 0.73 1.80
1.37 0.71 0.70 1.80
1.38 0.74 0.67 1.80
1.38 0.76 0.64 1.80
1.39 0.79 0.61 1.80
1.40 0.82 0.58 1.80
1.41 0.84 0.54 1.80
1.42 0.87 0.50 1.80
1.43 0.89 0.46 1.80
1.43 0.91 0.41 1.80
1.44 0.93 0.37 1.80
1.45 0.95 0.32 1.80
1.46 0.96 0.27 1.80
1.47 0.98 0.22 1.80
1.48 0.99 0.16 1.80
1.48 0.99 0.11 1.80
1.49 1.00 0.05 1.80
1.50 1.00 0.00 1.80
1.51 1.00 -0.05 1.80
1.52 0.99 -0.11 1.80
1.52 0.99 -0.16 1.80
1.53 0.98 -0.22 1.80
1.54 0.96 -0.27 1.80
1.55 0.95 -0.32 1.80
1.56 0.93 -0.37 1.80
1.57 0.91 -0.41 1.80
1.57 0.89 -0.46 1.80
1.58 0.87 -0.50 1.80
1.59 0.84 -0.54 1.80
1.60 0.82 -0.58 1.80
1.61 0.79 -0.61 1.80
1.62 0.76 -0.64 1.80
1.62 0.74 -0.67 1.80
1.63 0.71 -0.70 1.80
1.64 0.69 -0.73 1.80
1.65 0.66 -0.75 1.80
1.66 0.64 -0.77 1.80
1.67 0.62 -0.79 1.80
1.68 0.60 -0.80 1.80
1.68 0.58 -0.82 1.80
1.69 0.56 -0.83 1.80
1.70 0.54 -0.84 1.80
1.71 0.53 -0.85 1.80
1.72 0.52 -0.85 1.80
1.72 0.51 -0.86 1.80
1.73 0.50 -0.86 1.80
1.74 0.50 -0.87 1.80
1.75 0.50 -0.87 1.80
1.76 0.50 -0.87 1.80
1.77 0.50 -0.86 1.80
1.77 0.51 -0.86 1.80
1.78 0.52 -0.85 1.80
1.79 0.53 -0.85 1.80
1.80 0.54 -0.84 1.80
1.81 0.56 -0.83 1.80
1.82 0.58 -0.82 1.80
1.82 0.60 -0.80 1.80
1.83 0.62 -0.79 1.80
1.84 0.64 -0.77 1.80
1.85 0.66 -0.75 1.80
1.86 0.69 -0.73 1.80
1.87 0.71 -0.70 1.80
1.88 0.74 -0.67 1.80
1.88 0.76 -0.64 1.80
1.89 0.79 -0.61 1.80
1.90 0.82 -0.58 1.80
1.91 0.84 -0.54 1.80
1.92 0.87 -0.50 1.80
1.93 0.89 -0.46 1.80
1.93 0.91 -0.41 1.80
1.94 0.93 -0.37 1.80
1.95 0.95 -0.32 1.80
1.96 0.96 -0.27 1.80
1.97 0.98 -0.22 1.80
1.97 0.99 -0.16 1.80
1.98 0.99 -0.11 1.80
1.99 1.00 -0.05 1.80
2.00 1.00 -0.00 1.80
2.01 1.00 0.05 1.80
2.02 0.99 0.11 1.80
2.02 0.99 0.16 1.80
2.03 0.98 0.22 1.80
2.04 0.96 0.27 1.80
2.05 0.95 0.32 1.80
2.06 0.93 0.37 1.80
2.07 0.91 0.41 1.80
2.08 0.89 0.46 1.80
2.08 0.87 0.50 1.80
2.09 0.84 0.54 1.80
2.10 0.82 0.58 1.80
2.11 0.79 0.61 1.80
2.12 0.76 0.64 1.80
2.12 0.74 0.67 1.80
2.13 0.71 0.70 1.80
2.14 0.69 0.73 1.80
2.15 0.66 0.75 1.80
2.16 0.64 0.77 1.80
2.17 0.62 0.79 1.80
2.17 0.60 0.80 1.80
2.18 0.58 0.82 1.80
2.19 0.56 0.83 1.80
2.20 0.54 0.84 1.80
2.21 0.53 0.85 1.80
2.22 0.52 0.85 1.80
2.23 0.51 0.86 1.80
2.23 0.50 0.86 1.80
2.24 0.50 0.87 1.80
2.25 0.50 0.87 1.80
2.26 0.50 0.87 1.80
2.27 0.50 0.86 1.80
2.27 0.51 0.86 1.80
2.28 0.52 0.85 1.80
2.29 0.53 0.85 1.80
2.30 0.54 0.84 1.80
2.31 0.56 0.83 1.80
2.32 0.58 0.82 1.80
2.33 0.60 0.80 1.80
2.33 0.62 0.79 1.80
2.34 0.64 0.77 1.80
2.35 0.66 0.75 1.80
2.36 0.69 0.73 1.80
2.37 0.71 0.70 1.80
2.38 0.74 0.67 1.80
2.38 0.76 0.64 1.80
2.39 0.79 0.61 1.80
2.40 0.82 0.58 1.80
2.41 0.84 0.54 1.80
2.42 0.87 0.50 1.80
2.42 0.89 0.46 1.80
2.43 0.91 0.41 1.80
2.44 0.93 0.37 1.80
2.45 0.95 0.32 1.80
2.46 0.96 0.27 1.80
2.47 0.98 0.22 1.80
2.48 0.99 0.16 1.80
2.48 0.99 0.11 1.80
2.49 1.00 0.05 1.80
2.50 1.00 0.00 1.80
2.51 1.00 -0.05 1.80
2.52 0.99 -0.11 1.80
2.52 0.99 -0.16 1.80
2.53 0.98 -0.22 1.80
2.54 0.96 -0.27 1.80
2.55 0.95 -0.32 1.80
2.56 0.93 -0.37 1.80
2.57 0.91 -0.41 1.80
2.58 0.89 -0.46 1.80
2.58 0.87 -0.50 1.80
2.59 0.84 -0.54 1.80
2.60 0.82 -0.58 1.80
2.61 0.79 -0.61 1.80
2.62 0.76 -0.64 1.80
2.62 0.74 -0.67 1.80
2.63 0.71 -0.70 1.80
2.64 0.69 -0.73 1.80
2.65 0.66 -0.75 1.80
2.66 0.64 -0.77 1.80
2.67 0.62 -0.79 1.80
2.67 0.60 -0.80 1.80
2.68 0.58 -0.82 1.80
2.69 0.56 -0.83 1.80
2.70 0.54 -0.84 1.80
2.71 0.53 -0.85 1.80
2.72 0.52 -0.85 1.80
2.73 0.51 -0.86 1.80
2.73 0.50 -0.86 1.80
2.74 0.50 -0.87 1.80
2.75 0.50 -0.87 1.80
2.76 0.50 -0.87 1.80
2.77 0.50 -0.86 1.80
2.77 0.51 -0.86 1.80
2.78 0.52 -0.85 1.80
2.79 0.53 -0.85 1.80
2.80 0.54 -0.84 1.80
2.81 0.56 -0.83 1.80
2.82 0.58 -0.82 1.80
2.83 0.60 -0.80 1.80
2.83 0.62 -0.79 1.80
2.84 0.64 -0.77 1.80
2.85 0.66 -0.75 1.80
2.86 0.69 -0.73 1.80
2.87 0.71 -0.70 1.80
2.88 0.74 -0.67 1.80
2.88 0.76 -0.64 1.80
2.89 0.79 -0.61 1.80
2.90 0.82 -0.58 1.80
2.91 0.84 -0.54 1.80
2.92 0.87 -0.50 1.80
2.92 0.89 -0.46 1.80
2.93 0.91 -0.41 1.80
2.94 0.93 -0.37 1.80
2.95 0.95 -0.32 1.80
2.96 0.96 -0.27 1.80
2.97 0.98 -0.22 1.80
2.98 0.99 -0.16 1.80
2.98 0.99 -0.11 1.80
2.99 1.00 -0.05 1.80
3.00 1.00 -0.00 1.80
3.01 1.00 0.05 1.80
3.02 0.99 0.11 1.80
3.02 0.99 0.16 1.80
3.03 0.98 0.22 1.80
3.04 0.96 0.27 1.80
3.05 0.95 0.32 1.80
3.06 0.93 0.37 1.80
3.07 0.91 0.41 1.80
3.08 0.89 0.46 1.80
3.08 0.87 0.50 1.80
3.09 0.84 0.54 1.80
3.10 0.82 0.58 1.80
3.11 0.79 0.61 1.80
3.12 0.76 0.64 1.80
3.12 0.74 0.67 1.80
3.13 0.71 0.70 1.80
3.14 0.69 0.73 1.80
3.15 0.66 0.75 1.80
3.16 0.64 0.77 1.80
3.17 0.62 0.79 1.80
3.17 0.60 0.80 1.80
3.18 0.58 0.82 1.80
3.19 0.56 0.83 1.80
3.20 0.54 0.84 1.80
3.21 0.53 0.85 1.80
3.22 0.52 0.85 1.80
3.23 0.51 0.86 1.80
3.23 0.50 0.86 1.80
3.24 0.50 0.87 1.80
3.25 0.50 0.87 1.80
3.26 0.50 0.87 1.80
3.27 0.50 0.86 1.80
3.27 0.51 0.86 1.80
3.28 0.52 0.85 1.80
3.29 0.53 0.85 1.80
3.30 0.54 0.84 1.80
3.31 0.56 0.83 1.80
3.32 0.58 0.82 1.80
3.32 0.60 0.80 1.80
3.33 0.62 0.79 1.80
3.34 0.64 0.77 1.80
3.35 0.66 0.75 1.80
3.36 0.69 0.73 1.80
3.37 0.71 0.70 1.80
3.38 0.74 0.67 1.80
3.38 0.76 0.64 1.80
3.39 0.79 0.61 1.80
3.40 0.82 0.58 1.80
3.41 0.84 0.54 1.80
3.42 0.87 0.50 1.80
3.42 0.89 0.46 1.80
3.43 0.91 0.41 1.80
3.44 0.93 0.37 1.80
3.45 0.95 0.32 1.80
3.46 0.96 0.27 1.80
3.47 0.98 0.22 1.80
3.48 0.99 0.16 1.80
3.48 0.99 0.11 1.80
3.49 1.00 0.05 1.80
3.50 1.00 0.00 1.80
3.51 1.00 -0.05 1.80
3.52 0.99 -0.11 1.80
3.52 0.99 -0.16 1.80
3.53 0.98 -0.22 1.80
3.54 0.96 -0.27 1.80
3.55 0.95 -0.32 1.80
3.56 0.93 -0.37 1.80
3.57 0.91 -0.41 1.80
3.57 0.89 -0.46 1.80
3.58 0.87 -0.50 1.80
3.59 0.84 -0.54 1.80
3.60 0.82 -0.58 1.80
3.61 0.79 -0.61 1.80
3.62 0.76 -0.64 1.80
3.62 0.74 -0.67 1.80
3.63 0.71 -0.70 1.80
3.64 0.69 -0.73 1.80
3.65 0.66 -0.75 1.80
3.66 0.64 -0.77 1.80
3.67 0.62 -0.79 1.80
3.67 0.60 -0.80 1.80
3.68 0.58 -0.82 1.80
3.69 0.56 -0.83 1.80
3.70 0.54 -0.84 1.80
3.71 0.53 -0.85 1.80
3.72 0.52 -0.85 1.80
3.73 0.51 -0.86 1.80
3.73 0.50 -0.86 1.80
3.74 0.50 -0.87 1.80
3.75 0.50 -0.87 1.80
3.76 0.50 -0.87 1.80
3.77 0.50 -0.86 1.80
3.77 0.51 -0.86 1.80
3.78 0.52 -0.85 1.80
3.79 0.53 -0.85 1.80
3.80 0.54 -0.84 1.80
3.81 0.56 -0.83 1.80
3.82 0.58 -0.82 1.80
3.82 0.60 -0.80 1.80
3.83 0.62 -0.79 1.80
3.84 0.64 -0.77 1.80
3.85 0.66 -0.75 1.80
3.86 0.69 -0.73 1.80
3.87 0.71 -0.70 1.80
3.88 0.74 -0.67 1.80
3.88 0.76 -0.64 1.80
3.89 0.79 -0.61 1.80
3.90 0.82 -0.58 1.80
3.91 0.84 -0.54 1.80
3.92 0.87 -0.50 1.80
3.92 0.89 -0.46 1.80
3.93 0.91 -0.41 1.80
3.94 0.93 -0.37 1.80
3.95 0.95 -0.32 1.80
3.96 0.96 -0.27 1.80
3.97 0.98 -0.22 1.80
3.98 0.99 -0.16 1.80
3.98 0.99 -0.11 1.80
3.99 1.00 -0.05 1.80
4.00 1.00 -0.00 1.80
4.01 1.00 0.05 1.80
4.02 0.99 0.11 1.80
4.03 0.99 0.16 1.80
4.03 0.98 0.22 1.80
4.04 0.96 0.27 1.80
4.05 0.95 0.32 1.80
4.06 0.93 0.37 1.80
4.07 0.91 0.41 1.80
4.08 0.89 0.46 1.80
4.08 0.87 0.50 1.80
4.09 0.84 0.54 1.80
4.10 0.82 0.58 1.80
4.11 0.79 0.61 1.80
4.12 0.76 0.64 1.80
4.12 0.74 0.67 1.80
4.13 0.71 0.70 1.80
4.14 0.69 0.73 1.80
4.15 0.66 0.75 1.80
4.16 0.64 0.77 1.80
4.17 0.62 0.79 1.80
4.17 0.60 0.80 1.80
4.18 0.58 0.82 1.80
4.19 0.56 0.83 1.80
4.20 0.54 0.84 1.80
4.21 0.53 0.85 1.80
4.22 0.52 0.85 1.80
4.22 0.51 0.86 1.80
4.23 0.50 0.86 1.80
4.24 0.50 0.87 1.80
4.25 0.50 0.87 1.80
4.26 0.50 0.87 1.80
4.27 0.50 0.86 1.80
4.28 0.51 0.86 1.80
4.28 0.52 0.85 1.80
4.29 0.53 0.85 1.80
4.30 0.54 0.84 1.80
4.31 0.56 0.83 1.80
4.32 0.58 0.82 1.80
4.33 0.60 0.80 1.80
4.33 0.62 0.79 1.80
4.34 0.64 0.77 1.80
4.35 0.66 0.75 1.80
4.36 0.69 0.73 1.80
4.37 0.71 0.70 1.80
4.38 0.74 0.67 1.80
4.38 0.76 0.64 1.80
4.39 0.79 0.61 1.80
4.40 0.82 0.58 1.80
4.41 0.84 0.54 1.80
4.42 0.87 0.50 1.80
4.42 0.89 0.46 1.80
4.43 0.91 0.41 1.80
4.44 0.93 0.37 1.80
4.45 0.95 0.32 1.80
4.46 0.96 0.27 1.80
4.47 0.98 0.22 1.80
4.47 0.99 0.16 1.80
4.48 0.99 0.11 1.80
4.49 1.00 0.05 1.80
4.50 1.00 0.00 1.80
4.51 1.00 -0.05 1.80
4.52 0.99 -0.11 1.80
4.53 0.99 -0.16 1.80
4.53 0.98 -0.22 1.80
4.54 0.96 -0.27 1.80
4.55 0.95 -0.32 1.80
4.56 0.93 -0.37 1.80
4.57 0.91 -0.41 1.80
4.58 0.89 -0.46 1.80
4.58 0.87 -0.50 1.80
4.59 0.84 -0.54 1.80
4.60 0.82 -0.58 1.80
4.61 0.79 -0.61 1.80
4.62 0.76 -0.64 1.80
4.62 0.74 -0.67 1.80
4.63 0.71 -0.70 1.80
4.64 0.69 -0.73 1.80
4.65 0.66 -0.75 1.80
4.66 0.64 -0.77 1.80
4.67 0.62 -0.79 1.80
4.67 0.60 -0.80 1.80
4.68 0.58 -0.82 1.80
4.69 0.56 -0.83 1.80
4.70 0.54 -0.84 1.80
4.71 0.53 -0.85 1.80
4.72 0.52 -0.85 1.80
4.72 0.51 -0.86 1.80
4.73 0.50 -0.86 1.80
4.74 0.50 -0.87 1.80
4.75 0.50 -0.87 1.80
4.76 0.50 -0.87 1.80
4.77 0.50 -0.86 1.80
4.78 0.51 -0.86 1.80
4.78 0.52 -0.85 1.80
4.79 0.53 -0.85 1.80
4.80 0.54 -0.84 1.80
4.81 0.56 -0.83 1.80
4.82 0.58 -0.82 1.80
4.83 0.60 -0.80 1.80
4.83 0.62 -0.79 1.80
4.84 0.64 -0.77 1.80
4.85 0.66 -0.75 1.80
4.86 0.69 -0.73 1.80
4.87 0.71 -0.70 1.80
4.88 0.74 -0.67 1.80
4.88 0.76 -0.64 1.80
4.89 0.79 -0.61 1.80
4.90 0.82 -0.58 1.80
4.91 0.84 -0.54 1.80
4.92 0.87 -0.50 1.80
4.92 0.89 -0.46 1.80
4.93 0.91 -0.41 1.80
4.94 0.93 -0.37 1.80
4.95 0.95 -0.32 1.80
4.96 0.96 -0.27 1.80
4.97 0.98 -0.22 1.80
4.97 0.99 -0.16 1.80
4.98 0.99 -0.11 1.80
4.99 1.00 -0.05 1.80
5.00 1.00 -0.00 1.80
5.01 1.00 0.05 1.80
5.02 0.99 0.11 1.80
5.03 0.99 0.16 1.80
5.03 0.98 0.22 1.80
5.04 0.96 0.27 1.80
5.05 0.95 0.32 1.80
5.06 0.93 0.37 1.80
5.07 0.91 0.41 1.80
5.08 0.89 0.46 1.80
5.08 0.87 0.50 1.80
5.09 0.84 0.54 1.80
5.10 0.82 0.58 1.80
5.11 0.79 0.61 1.80
5.12 0.76 0.64 1.80
5.12 0.74 0.67 1.80
5.13 0.71 0.70 1.80
5.14 0.69 0.73 1.80
5.15 0.66 0.75 1.80
5.16 0.64 0.77 1.80
5.17 0.62 0.79 1.80
5.17 0.60 0.80 1.80
5.18 0.58 0.82 1.80
5.19 0.56 0.83 1.80
5.20 0.54 0.84 1.80
5.21 0.53 0.85 1.80
5.22 0.52 0.85 1.80
5.22 0.51 0.86 1.80
5.23 0.50 0.86 1.80
5.24 0.50 0.87 1.80
5.25 0.50 0.87 1.80
5.26 0.50 0.87 1.80
5.27 0.50 0.86 1.80
5.28 0.51 0.86 1.80
5.28 0.52 0.85 1.80
5.29 0.53 0.85 1.80
5.30 0.54 0.84 1.80
5.31 0.56 0.83 1.80
5.32 0.58 0.82 1.80
5.33 0.60 0.80 1.80
5.33 0.62 0.79 1.80
5.34 0.64 0.77 1.80
5.35 0.66 0.75 1.80
5.36 0.69 0.73 1.80
5.37 0.71 0.70 1.80
5.38 0.74 0.67 1.80
5.38 0.76 0.64 1.80
5.39 0.79 0.61 1.80
5.40 0.82 0.58 1.80
5.41 0.84 0.54 1.80
5.42 0.87 0.50 1.80
5.42 0.89 0.46 1.80
5.43 0.91 0.41 1.80
5.44 0.93 0.37 1.80
5.45 0.95 0.32 1.80
5.46 0.96 0.27 1.80
5.47 0.98 0.22 1.80
5.47 0.99 0.16 1.80
5.48 0.99 0.11 1.80
5.49 1.00 0.05 1.80
5.50 1.00 0.00 1.80
5.51 1.00 -0.05 1.80
5.52 0.99 -0.11 1.80
5.53 0.99 -0.16 1.80
5.53 0.98 -0.22 1.80
5.54 0.96 -0.27 1.80
5.55 0.95 -0.32 1.80
5.56 0.93 -0.37 1.80
5.57 0.91 -0.41 1.80
5.58 0.89 -0.46 1.80
5.58 0.87 -0.50 1.80
5.59 0.84 -0.54 1.80
5.60 0.82 -0.58 1.80
5.61 0.79 -0.61 1.80
5.62 0.76 -0.64 1.80
5.62 0.74 -0.67 1.80
5.63 0.71 -0.70 1.80
5.64 0.69 -0.73 1.80
5.65 0.66 -0.75 1.80
5.66 0.64 -0.77 1.80
5.67 0.62 -0.79 1.80
5.67 0.60 -0.80 1.80
5.68 0.58 -0.82 1.80
5.69 0.56 -0.83 1.80
5.70 0.54 -0.84 1.80
5.71 0.53 -0.85 1.80
5.72 0.52 -0.85 1.80
5.72 0.51 -0.86 1.80
5.73 0.50 -0.86 1.80
5.74 0.50 -0.87 1.80
5.75 0.50 -0.87 1.80
5.76 0.50 -0.87 1.80
5.77 0.50 -0.86 1.80
5.78 0.51 -0.86 1.80
5.78 0.52 -0.85 1.80
5.79 0.53 -0.85 1.80
5.80 0.54 -0.84 1.80
5.81 0.56 -0.83 1.80
5.82 0.58 -0.82 1.80
5.83 0.60 -0.80 1.80
5.83 0.62 -0.79 1.80
5.84 0.64 -0.77 1.80
5.85 0.66 -0.75 1.80
5.86 0.69 -0.73 1.80
5.87 0.71 -0.70 1.80
5.88 0.74 -0.67 1.80
5.88 0.76 -0.64 1.80
5.89 0.79 -0.61 1.80
5.90 0.82 -0.58 1.80
5.91 0.84 -0.54 1.80
5.92 0.87 -0.50 1.80
5.92 0.89 -0.46 1.80
5.93 0.91 -0.41 1.80
5.94 0.93 -0.37 1.80
5.95 0.95 -0.32 1.80
5.96 0.96 -0.27 1.80
5.97 0.98 -0.22 1.80
5.97 0.99 -0.16 1.80
5.98 0.99 -0.11 1.80
5.99 1.00 -0.05 1.80
6.00 1.00 -0.00 1.80
6.01 1.00 0.05 1.80
6.02 0.99 0.11 1.80
6.03 0.99 0.16 1.80
6.03 0.98 0.22 1.80
6.04 0.96 0.27 1.80
6.05 0.95 0.32 1.80
6.06 0.93 0.37 1.80
6.07 0.91 0.41 1.80
6.08 0.89 0.46 1.80
6.08 0.87 0.50 1.80
6.09 0.84 0.54 1.80
6.10 0.82 0.58 1.80
6.11 0.79 0.61 1.80
6.12 0.76 0.64 1.80
6.12 0.74 0.67 1.80
6.13 0.71 0.70 1.80
6.14 0.69 0.73 1.80
6.15 0.66 0.75 1.80
6.16 0.64 0.77 1.80
6.17 0.62 0.79 1.80
6.17 0.60 0.80 1.80
6.18 0.58 0.82 1.80
6.19 0.56 0.83 1.80
6.20 0.54 0.84 1.80
6.21 0.53 0.85 1.80
6.22 0.52 0.85 1.80
6.22 0.51 0.86 1.80
6.23 0.50 0.86 1.80
6.24 0.50 0.87 1.80
6.25 0.50 0.87 1.80
6.26 0.50 0.87 1.80
6.27 0.50 0.86 1.80
6.28 0.51 0.86 1.80
6.28 0.52 0.85 1.80
6.29 0.53 0.85 1.80
6.30 0.54 0.84 1.80
6.31 0.56 0.83 1.80
6.32 0.58 0.82 1.80
6.33 0.60 0.80 1.80
6.33 0.62 0.79 1.80
6.34 0.64 0.77 1.80
6.35 0.66 0.75 1.80
6.36 0.69 0.73 1.80
6.37 0.71 0.70 1.80
6.38 0.74 0.67 1.80
6.38 0.76 0.64 1.80
6.39 0.79 0.61 1.80
6.40 0.82 0.58 1.80
6.41 0.84 0.54 1.80
6.42 0.87 0.50 1.80
6.42 0.89 0.46 1.80
6.43 0.91 0.41 1.80
6.44 0.93 0.37 1.80
6.45 0.95 0.32 1.80
6.46 0.96 0.27 1.80
6.47 0.98 0.22 1.80
6.47 0.99 0.16 1.80
6.48 0.99 0.11 1.80
6.49 1.00 0.05 1.80
6.50 1.00 -0.00 1.80
6.51 1.00 -0.05 1.80
6.52 0.99 -0.11 1.80
6.52 0.99 -0.16 1.80
6.53 0.98 -0.22 1.80
6.54 0.96 -0.27 1.80
6.55 0.95 -0.32 1.80
6.56 0.93 -0.37 1.80
6.57 0.91 -0.41 1.80
6.58 0.89 -0.46 1.80
6.58 0.87 -0.50 1.80
6.59 0.84 -0.54 1.80
6.60 0.82 -0.58 1.80
6.61 0.79 -0.61 1.80
6.62 0.76 -0.64 1.80
6.62 0.74 -0.67 1.80
6.63 0.71 -0.70 1.80
6.64 0.69 -0.73 1.80
6.65 0.66 -0.75 1.80
6.66 0.64 -0.77 1.80
6.67 0.62 -0.79 1.80
6.67 0.60 -0.80 1.80
6.68 0.58 -0.82 1.80
6.69 0.56 -0.83 1.80
6.70 0.54 -0.84 1.80
6.71 0.53 -0.85 1.80
6.72 0.52 -0.85 1.80
6.72 0.51 -0.86 1.80
6.73 0.50 -0.86 1.80
6.74 0.50 -0.87 1.80
6.75 0.50 -0.87 1.80
6.76 0.50 -0.87 1.80
6.77 0.50 -0.86 1.80
6.77 0.51 -0.86 1.80
6.78 0.52 -0.85 1.80
6.79 0.53 -0.85 1.80
6.80 0.54 -0.84 1.80
6.81 0.56 -0.83 1.80
6.82 0.58 -0.82 1.80
6.83 0.60 -0.80 1.80
6.83 0.62 -0.79 1.80
6.84 0.64 -0.77 1.80
6.85 0.66 -0.75 1.80
6.86 0.69 -0.73 1.80
6.87 0.71 -0.70 1.80
6.88 0.74 -0.67 1.80
6.88 0.76 -0.64 1.80
6.89 0.79 -0.61 1.80
6.90 0.82 -0.58 1.80
6.91 0.84 -0.54 1.80
6.92 0.87 -0.50 1.80
6.92 0.89 -0.46 1.80
6.93 0.91 -0.41 1.80
6.94 0.93 -0.37 1.80
6.95 0.95 -0.32 1.80
6.96 0.96 -0.27 1.80
6.97 0.98 -0.22 1.80
6.97 0.99 -0.16 1.80
6.98 0.99 -0.11 1.80
6.99 1.00 -0.05 1.80
7.00 1.00 -0.00 1.80
7.01 1.00 0.05 1.80
7.02 0.99 0.11 1.80
7.02 0.99 0.16 1.80
7.03 0.98 0.22 1.80
7.04 0.96 0.27 1.80
7.05 0.95 0.32 1.80
7.06 0.93 0.37 1.80
7.07 0.91 0.41 1.80
7.08 0.89 0.46 1.80
7.08 0.87 0.50 1.80
7.09 0.84 0.54 1.80
7.10 0.82 0.58 1.80
7.11 0.79 0.61 1.80
7.12 0.76 0.64 1.80
7.12 0.74 0.67 1.80
7.13 0.71 0.70 1.80
7.14 0.69 0.73 1.80
7.15 0.66 0.75 1.80
7.16 0.64 0.77 1.80
7.17 0.62 0.79 1.80
7.17 0.60 0.80 1.80
7.18 0.58 0.82 1.80
7.19 0.56 0.83 1.80
7.20 0.54 0.84 1.80
7.21 0.53 0.85 1.80
7.22 0.52 0.85 1.80
7.22 0.51 0.86 1.80
7.23 0.50 0.86 1.80
7.24 0.50 0.87 1.80
7.25 0.50 0.87 1.80
7.26 0.50 0.87 1.80
7.27 0.50 0.86 1.80
7.27 0.51 0.86 1.80
7.28 0.52 0.85 1.80
7.29 0.53 0.85 1.80
7.30 0.54 0.84 1.80
7.31 0.56 0.83 1.80
7.32 0.58 0.82 1.80
7.33 0.60 0.80 1.80
7.33 0.62 0.79 1.80
7.34 0.64 0.77 1.80
7.35 0.66 0.75 1.80
7.36 0.69 0.73 1.80
7.37 0.71 0.70 1.80
7.38 0.74 0.67 1.80
7.38 0.76 0.64 1.80
7.39 0.79 0.61 1.80
7.40 0.82 0.58 1.80
7.41 0.84 0.54 1.80
7.42 0.87 0.50 1.80
7.42 0.89 0.46 1.80
7.43 0.91 0.41 1.80
7.44 0.93 0.37 1.80
7.45 0.95 0.32 1.80
7.46 0.96 0.27 1.80
7.47 0.98 0.22 1.80
7.47 0.99 0.16 1.80
7.48 0.99 0.11 1.80
7.49 1.00 0.05 1.80
7.50 1.00 0.00 1.80
7.51 1.00 -0.05 1.80
7.52 0.99 -0.11 1.80
7.52 0.99 -0.16 1.80
7.53 0.98 -0.22 1.80
7.54 0.96 -0.27 1.80
7.55 0.95 -0.32 1.80
7.56 0.93 -0.37 1.80
7.57 0.91 -0.41 1.80
7.58 0.89 -0.46 1.80
7.58 0.87 -0.50 1.80
7.59 0.84 -0.54 1.80
7.60 0.82 -0.58 1.80
7.61 0.79 -0.61 1.80
7.62 0.76 -0.64 1.80
7.62 0.74 -0.67 1.80
7.63 0.71 -0.70 1.80
7.64 0.69 -0.73 1.80
7.65 0.66 -0.75 1.80
7.66 0.64 -0.77 1.80
7.67 0.62 -0.79 1.80
7.67 0.60 -0.80 1.80
7.68 0.58 -0.82 1.80
7.69 0.56 -0.83 1.80
7.70 0.54 -0.84 1.80
7.71 0.53 -0.85 1.80
7.72 0.52 -0.85 1.80
7.72 0.51 -0.86 1.80
7.73 0.50 -0.86 1.80
7.74 0.50 -0.87 1.80
7.75 0.50 -0.87 1.80
7.76 0.50 -0.87 1.80
7.77 0.50 -0.86 1.80
7.77 0.51 -0.86 1.80
7.78 0.52 -0.85 1.80
7.79 0.53 -0.85 1.80
7.80 0.54 -0.84 1.80
7.81 0.56 -0.83 1.80
7.82 0.58 -0.82 1.80
7.83 0.60 -0.80 1.80
7.83 0.62 -0.79 1.80
7.84 0.64 -0.77 1.80
7.85 0.66 -0.75 1.80
7.86 0.69 -0.73 1.80
7.87 0.71 -0.70 1.80
7.88 0.74 -0.67 1.80
7.88 0.76 -0.64 1.80
7.89 0.79 -0.61 1.80
7.90 0.82 -0.58 1.80
7.91 0.84 -0.54 1.80
7.92 0.87 -0.50 1.80
7.92 0.89 -0.46 1.80
7.93 0.91 -0.41 1.80
7.94 0.93 -0.37 1.80
7.95 0.95 -0.32 1.80
7.96 0.96 -0.27 1.80
7.97 0.98 -0.22 1.80
7.97 0.99 -0.16 1.80
7.98 0.99 -0.11 1.80
7.99 1.00 -0.05 1.80
8.00 1.00 -0.00 1.80
8.01 1.00 0.05 1.80
8.02 0.99 0.11 1.80
8.03 0.99 0.16 1.80
8.03 0.98 0.22 1.80
8.04 0.96 0.27 1.80
8.05 0.95 0.32 1.80
8.06 0.93 0.37 1.80
8.07 0.91 0.41 1.80
8.07 0.89 0.46 1.80
8.08 0.87 0.50 1.80
8.09 0.84 0.54 1.80
8.10 0.82 0.58 1.80
8.11 0.79 0.61 1.80
8.12 0.76 0.64 1.80
8.12 0.74 0.67 1.80
8.13 0.71 0.70 1.80
8.14 0.69 0.73 1.80
8.15 0.66 0.75 1.80
8.16 0.64 0.77 1.80
8.17 0.62 0.79 1.80
8.18 0.60 0.80 1.80
8.18 0.58 0.82 1.80
8.19 0.56 0.83 1.80
8.20 0.54 0.84 1.80
8.21 0.53 0.85 1.80
8.22 0.52 0.85 1.80
8.22 0.51 0.86 1.80
8.23 0.50 0.86 1.80
8.24 0.50 0.87 1.80
8.25 0.50 0.87 1.80
8.26 0.50 0.87 1.80
8.27 0.50 0.86 1.80
8.28 0.51 0.86 1.80
8.28 0.52 0.85 1.80
8.29 0.53 0.85 1.80
8.30 0.54 0.84 1.80
8.31 0.56 0.83 1.80
8.32 0.58 0.82 1.80
8.32 0.60 0.80 1.80
8.33 0.62 0.79 1.80
8.34 0.64 0.77 1.80
8.35 0.66 0.75 1.80
8.36 0.69 0.73 1.80
8.37 0.71 0.70 1.80
8.38 0.74 0.67 1.80
8.38 0.76 0.64 1.80
8.39 0.79 0.61 1.80
8.40 0.82 0.58 1.80
8.41 0.84 0.54 1.80
8.42 0.87 0.50 1.80
8.43 0.89 0.46 1.80
8.43 0.91 0.41 1.80
8.44 0.93 0.37 1.80
8.45 0.95 0.32 1.80
8.46 0.96 0.27 1.80
8.47 0.98 0.22 1.80
8.47 0.99 0.16 1.80
8.48 0.99 0.11 1.80
8.49 1.00 0.05 1.80
8.50 1.00 -0.00 1.80
8.51 1.00 -0.05 1.80
8.52 0.99 -0.11 1.80
8.53 0.99 -0.16 1.80
8.53 0.98 -0.22 1.80
8.54 0.96 -0.27 1.80
8.55 0.95 -0.32 1.80
8.56 0.93 -0.37 1.80
8.57 0.91 -0.41 1.80
8.57 0.89 -0.46 1.80
8.58 0.87 -0.50 1.80
8.59 0.84 -0.54 1.80
8.60 0.82 -0.58 1.80
8.61 0.79 -0.61 1.80
8.62 0.76 -0.64 1.80
8.62 0.74 -0.67 1.80
8.63 0.71 -0.70 1.80
8.64 0.69 -0.73 1.80
8.65 0.66 -0.75 1.80
8.66 0.64 -0.77 1.80
8.67 0.62 -0.79 1.80
8.68 0.60 -0.80 1.80
8.68 0.58 -0.82 1.80
8.69 0.56 -0.83 1.80
8.70 0.54 -0.84 1.80
8.71 0.53 -0.85 1.80
8.72 0.52 -0.85 1.80
8.72 0.51 -0.86 1.80
8.73 0.50 -0.86 1.80
8.74 0.50 -0.87 1.80
8.75 0.50 -0.87 1.80
8.76 0.50 -0.87 1.80
8.77 0.50 -0.86 1.80
8.78 0.51 -0.86 1.80
8.78 0.52 -0.85 1.80
8.79 0.53 -0.85 1.80
8.80 0.54 -0.84 1.80
8.81 0.56 -0.83 1.80
8.82 0.58 -0.82 1.80
8.82 0.60 -0.80 1.80
8.83 0.62 -0.79 1.80
8.84 0.64 -0.77 1.80
8.85 0.66 -0.75 1.80
8.86 0.69 -0.73 1.80
8.87 0.71 -0.70 1.80
8.88 0.74 -0.67 1.80
8.88 0.76 -0.64 1.80
8.89 0.79 -0.61 1.80
8.90 0.82 -0.58 1.80
8.91 0.84 -0.54 1.80
8.92 0.87 -0.50 1.80
8.93 0.89 -0.46 1.80
8.93 0.91 -0.41 1.80
8.94 0.93 -0.37 1.80
8.95 0.95 -0.32 1.80
8.96 0.96 -0.27 1.80
8.97 0.98 -0.22 1.80
8.97 0.99 -0.16 1.80
8.98 0.99 -0.11 1.80
8.99 1.00 -0.05 1.80
9.00 1.00 -0.00 1.80
9.01 1.00 0.05 1.80
9.02 0.99 0.11 1.80
9.03 0.99 0.16 1.80
9.03 0.98 0.22 1.80
9.04 0.96 0.27 1.80
9.05 0.95 0.32 1.80
9.06 0.93 0.37 1.80
9.07 0.91 0.41 1.80
9.07 0.89 0.46 1.80
9.08 0.87 0.50 1.80
9.09 0.84 0.54 1.80
9.10 0.82 0.58 1.80
9.11 0.79 0.61 1.80
9.12 0.76 0.64 1.80
9.12 0.74 0.67 1.80
9.13 0.71 0.70 1.80
9.14 0.69 0.73 1.80
9.15 0.66 0.75 1.80
9.16 0.64 0.77 1.80
9.17 0.62 0.79 1.80
9.18 0.60 0.80 1.80
9.18 0.58 0.82 1.80
9.19 0.56 0.83 1.80
9.20 0.54 0.84 1.80
9.21 0.53 0.85 1.80
9.22 0.52 0.85 1.80
9.22 0.51 0.86 1.80
9.23 0.50 0.86 1.80
9.24 0.50 0.87 1.80
9.25 0.50 0.87 1.80
9.26 0.50 0.87 1.80
9.27 0.50 0.86 1.80
9.28 0.51 0.86 1.80
9.28 0.52 0.85 1.80
9.29 0.53 0.85 1.80
9.30 0.54 0.84 1.80
9.31 0.56 0.83 1.80
9.32 0.58 0.82 1.80
9.32 0.60 0.80 1.80
9.33 0.62 0.79 1.80
9.34 0.64 0.77 1.80
9.35 0.66 0.75 1.80
9.36 0.69 0.73 1.80
9.37 0.71 0.70 1.80
9.38 0.74 0.67 1.80
9.38 0.76 0.64 1.80
9.39 0.79 0.61 1.80
9.40 0.82 0.58 1.80
9.41 0.84 0.54 1.80
9.42 0.87 0.50 1.80
9.43 0.89 0.46 1.80
9.43 0.91 0.41 1.80
9.44 0.93 0.37 1.80
9.45 0.95 0.32 1.80
9.46 0.96 0.27 1.80
9.47 0.98 0.22 1.80
9.47 0.99 0.16 1.80
9.48 0.99 0.11 1.80
9.49 1.00 0.05 1.80
9.50 1.00 0.00 1.80
9.51 1.00 -0.05 1.80
9.52 0.99 -0.11 1.80
9.53 0.99 -0.16 1.80
9.53 0.98 -0.22 1.80
9.54 0.96 -0.27 1.80
9.55 0.95 -0.32 1.80
9.56 0.93 -0.37 1.80
9.57 0.91 -0.41 1.80
9.57 0.89 -0.46 1.80
9.58 0.87 -0.50 1.80
9.59 0.84 -0.54 1.80
9.60 0.82 -0.58 1.80
9.61 0.79 -0.61 1.80
9.62 0.76 -0.64 1.80
9.62 0.74 -0.67 1.80
9.63 0.71 -0.70 1.80
9.64 0.69 -0.73 1.80
9.65 0.66 -0.75 1.80
9.66 0.64 -0.77 1.80
9.67 0.62 -0.79 1.80
9.68 0.60 -0.80 1.80
9.68 0.58 -0.82 1.80
9.69 0.56 -0.83 1.80
9.70 0.54 -0.84 1.80
9.71 0.53 -0.85 1.80
9.72 0.52 -0.85 1.80
9.72 0.51 -0.86 1.80
9.73 0.50 -0.86 1.80
9.74 0.50 -0.87 1.80
9.75 0.50 -0.87 1.80
9.76 0.50 -0.87 1.80
9.77 0.50 -0.86 1.80
9.78 0.51 -0.86 1.80
9.78 0.52 -0.85 1.80
9.79 0.53 -0.85 1.80
9.80 0.54 -0.84 1.80
9.81 0.56 -0.83 1.80
9.82 0.58 -0.82 1.80
9.82 0.60 -0.80 1.80
9.83 0.62 -0.79 1.80
9.84 0.64 -0.77 1.80
9.85 0.66 -0.75 1.80
9.86 0.69 -0.73 1.80
9.87 0.71 -0.70 1.80
9.88 0.74 -0.67 1.80
9.88 0.76 -0.64 1.80
9.89 0.79 -0.61 1.80
9.90 0.82 -0.58 1.80
9.91 0.84 -0.54 1.80
9.92 0.87 -0.50 1.80
9.93 0.89 -0.46 1.80
9.93 0.91 -0.41 1.80
9.94 0.93 -0.37 1.80
9.95 0.95 -0.32 1.80
9.96 0.96 -0.27 1.80
9.97 0.98 -0.22 1.80
9.97 0.99 -0.16 1.80
9.98 0.99 -0.11 1.80
9.99 1.00 -0.05 1.80
10.00 1.00 -0.00 1.80
10.01 1.00 0.05 1.80
10.02 0.99 0.11 1.80
10.03 0.99 0.16 1.80
10.03 0.98 0.22 1.80
10.04 0.96 0.27 1.80
10.05 0.95 0.32 1.80
10.06 0.93 0.37 1.80
10.07 0.91 0.41 1.80
10.07 0.89 0.46 1.80
10.08 0.87 0.50 1.80
10.09 0.84 0.54 1.80
10.10 0.82 0.58 1.80
10.11 0.79 0.61 1.80
10.12 0.76 0.64 1.80
10.12 0.74 0.67 1.80
10.13 0.71 0.70 1.80
10.14 0.69 0.73 1.80
10.15 0.66 0.75 1.80
10.16 0.64 0.77 1.80
10.17 0.62 0.79 1.80
10.18 0.60 0.80 1.80
10.18 0.58 0.82 1.80
10.19 0.56 0.83 1.80
10.20 0.54 0.84 1.80
10.21 0.53 0.85 1.80
10.22 0.52 0.85 1.80
10.22 0.51 0.86 1.80
10.23 0.50 0.86 1.80
10.24 0.50 0.87 1.80
10.25 0.50 0.87 1.80
10.26 0.50 0.87 1.80
10.27 0.50 0.86 1.80
10.28 0.51 0.86 1.80
10.28 0.52 0.85 1.80
10.29 0.53 0.85 1.80
10.30 0.54 0.84 1.80
10.31 0.56 0.83 1.80
10.32 0.58 0.82 1.80
10.32 0.60 0.80 1.80
10.33 0.62 0.79 1.80
10.34 0.64 0.77 1.80
10.35 0.66 0.75 1.80
10.36 0.69 0.73 1.80
10.37 0.71 0.70 1.80
10.38 0.74 0.67 1.80
10.38 0.76 0.64 1.80
10.39 0.79 0.61 1.80
10.40 0.82 0.58 1.80
10.41 0.84 0.54 1.80
10.42 0.87 0.50 1.80
10.43 0.89 0.46 1.80
10.43 0.91 0.41 1.80
10.44 0.93 0.37 1.80
10.45 0.95 0.32 1.80
10.46 0.96 0.27 1.80
10.47 0.98 0.22 1.80
10.47 0.99 0.16 1.80
10.48 0.99 0.11 1.80
10.49 1.00 0.05 1.80
10.50 1.00 -0.00 1.80
10.51 1.00 -0.05 1.80
10.52 0.99 -0.11 1.80
10.53 0.99 -0.16 1.80
10.53 0.98 -0.22 1.80
10.54 0.96 -0.27 1.80
10.55 0.95 -0.32 1.80
10.56 0.93 -0.37 1.80
10.57 0.91 -0.41 1.80
10.57 0.89 -0.46 1.80
10.58 0.87 -0.50 1.80
10.59 0.84 -0.54 1.80
10.60 0.82 -0.58 1.80
10.61 0.79 -0.61 1.80
10.62 0.76 -0.64 1.80
10.62 0.74 -0.67 1.80
10.63 0.71 -0.70 1.80
10.64 0.69 -0.73 1.80
10.65 0.66 -0.75 1.80
10.66 0.64 -0.77 1.80
10.67 0.62 -0.79 1.80
10.68 0.60 -0.80 1.80
10.68 0.58 -0.82 1.80
10.69 0.56 -0.83 1.80
10.70 0.54 -0.84 1.80
10.71 0.53 -0.85 1.80
10.72 0.52 -0.85 1.80
10.72 0.51 -0.86 1.80
10.73 0.50 -0.86 1.80
10.74 0.50 -0.87 1.80
10.75 0.50 -0.87 1.80
10.76 0.50 -0.87 1.80
10.77 0.50 -0.86 1.80
10.78 0.51 -0.86 1.80
10.78 0.52 -0.85 1.80
10.79 0.53 -0.85 1.80
10.80 0.54 -0.84 1.80
10.81 0.56 -0.83 1.80
10.82 0.58 -0.82 1.80
10.82 0.60 -0.80 1.80
10.83 0.62 -0.79 1.80
10.84 0.64 -0.77 1.80
10.85 0.66 -0.75 1.80
10.86 0.69 -0.73 1.80
10.87 0.71 -0.70 1.80
10.88 0.74 -0.67 1.80
10.88 0.76 -0.64 1.80
10.89 0.79 -0.61 1.80
10.90 0.82 -0.58 1.80
10.91 0.84 -0.54 1.80
10.92 0.87 -0.50 1.80
10.93 0.89 -0.46 1.80
10.93 0.91 -0.41 1.80
10.94 0.93 -0.37 1.80
10.95 0.95 -0.32 1.80
10.96 0.96 -0.27 1.80
10.97 0.98 -0.22 1.80
10.97 0.99 -0.16 1.80
10.98 0.99 -0.11 1.80
10.99 1.00 -0.05 1.80
11.00 1.00 -0.00 1.80
11.01 1.00 0.05 1.80
11.02 0.99 0.11 1.80
11.03 0.99 0.16 1.80
11.03 0.98 0.22 1.80
11.04 0.96 0.27 1.80
11.05 0.95 0.32 1.80
11.06 0.93 0.37 1.80
11.07 0.91 0.41 1.80
11.07 0.89 0.46 1.80
11.08 0.87 0.50 1.80
11.09 0.84 0.54 1.80
11.10 0.82 0.58 1.80
11.11 0.79 0.61 1.80
11.12 0.76 0.64 1.80
11.12 0.74 0.67 1.80
11.13 0.71 0.70 1.80
11.14 0.69 0.73 1.80
11.15 0.66 0.75 1.80
11.16 0.64 0.77 1.80
11.17 0.62 0.79 1.80
11.18 0.60 0.80 1.80
11.18 0.58 0.82 1.80
11.19 0.56 0.83 1.80
11.20 0.54 0.84 1.80
11.21 0.53 0.85 1.80
11.22 0.52 0.85 1.80
11.22 0.51 0.86 1.80
11.23 0.50 0.86 1.80
11.24 0.50 0.87 1.80
11.25 0.50 0.87 1.80
11.26 0.50 0.87 1.80
11.27 0.50 0.86 1.80
11.28 0.51 0.86 1.80
11.28 0.52 0.85 1.80
11.29 0.53 0.85 1.80
11.30 0.54 0.84 1.80
11.31 0.56 0.83 1.80
11.32 0.58 0.82 1.80
11.32 0.60 0.80 1.80
11.33 0.62 0.79 1.80
11.34 0.64 0.77 1.80
11.35 0.66 0.75 1.80
11.36 0.69 0.73 1.80
11.37 0.71 0.70 1.80
11.38 0.74 0.67 1.80
11.38 0.76 0.64 1.80
11.39 0.79 0.61 1.80
11.40 0.82 0.58 1.80
11.41 0.84 0.54 1.80
11.42 0.87 0.50 1.80
11.43 0.89 0.46 1.80
11.43 0.91 0.41 1.80
11.44 0.93 0.37 1.80
11.45 0.95 0.32 1.80
11.46 0.96 0.27 1.80
11.47 0.98 0.22 1.80
11.47 0.99 0.16 1.80
11.48 0.99 0.11 1.80
11.49 1.00 0.05 1.80
11.50 1.00 0.00 1.80
11.51 1.00 -0.05 1.80
11.52 0.99 -0.11 1.80
11.53 0.99 -0.16 1.80
11.53 0.98 -0.22 1.80
11.54 0.96 -0.27 1.80
11.55 0.95 -0.32 1.80
11.56 0.93 -0.37 1.80
11.57 0.91 -0.41 1.80
11.57 0.89 -0.46 1.80
11.58 0.87 -0.50 1.80
11.59 0.84 -0.54 1.80
11.60 0.82 -0.58 1.80
11.61 0.79 -0.61 1.80
11.62 0.76 -0.64 1.80
11.62 0.74 -0.67 1.80
11.63 0.71 -0.70 1.80
11.64 0.69 -0.73 1.80
11.65 0.66 -0.75 1.80
11.66 0.64 -0.77 1.80
11.67 0.62 -0.79 1.80
11.68 0.60 -0.80 1.80
11.68 0.58 -0.82 1.80
11.69 0.56 -0.83 1.80
11.70 0.54 -0.84 1.80
11.71 0.53 -0.85 1.80
11.72 0.52 -0.85 1.80
11.72 0.51 -0.86 1.80
11.73 0.50 -0.86 1.80
11.74 0.50 -0.87 1.80
11.75 0.50 -0.87 1.80
11.76 0.50 -0.87 1.80
11.77 0.50 -0.86 1.80
11.78 0.51 -0.86 1.80
11.78 0.52 -0.85 1.80
11.79 0.53 -0.85 1.80
11.80 0.54 -0.84 1.80
11.81 0.56 -0.83 1.80
11.82 0.58 -0.82 1.80
11.82 0.60 -0.80 1.80
11.83 0.62 -0.79 1.80
11.84 0.64 -0.77 1.80
11.85 0.66 -0.75 1.80
11.86 0.69 -0.73 1.80
11.87 0.71 -0.70 1.80
11.88 0.74 -0.67 1.80
11.88 0.76 -0.64 1.80
11.89 0.79 -0.61 1.80
11.90 0.82 -0.58 1.80
11.91 0.84 -0.54 1.80
11.92 0.87 -0.50 1.80
11.93 0.89 -0.46 1.80
11.93 0.91 -0.41 1.80
11.94 0.93 -0.37 1.80
11.95 0.95 -0.32 1.80
11.96 0.96 -0.27 1.80
11.97 0.98 -0.22 1.80
11.97 0.99 -0.16 1.80
11.98 0.99 -0.11 1.80
11.99 1.00 -0.05 1.80
12.00 1.00 -0.00 1.80
12.01 1.00 0.05 1.80
12.02 0.99 0.11 1.80
12.03 0.99 0.16 1.80
12.03 0.98 0.22 1.80
12.04 0.96 0.27 1.80
12.05 0.95 0.32 1.80
12.06 0.93 0.37 1.80
12.07 0.91 0.41 1.80
12.07 0.89 0.46 1.80
12.08 0.87 0.50 1.80
12.09 0.84 0.54 1.80
12.10 0.82 0.58 1.80
12.11 0.79 0.61 1.80
12.12 0.76 0.64 1.80
12.12 0.74 0.67 1.80
12.13 0.71 0.70 1.80
12.14 0.69 0.73 1.80
12.15 0.66 0.75 1.80
12.16 0.64 0.77 1.80
12.17 0.62 0.79 1.80
12.18 0.60 0.80 1.80
12.18 0.58 0.82 1.80
12.19 0.56 0.83 1.80
12.20 0.54 0.84 1.80
12.21 0.53 0.85 1.80
12.22 0.52 0.85 1.80
12.22 0.51 0.86 1.80
12.23 0.50 0.86 1.80
12.24 0.50 0.87 1.80
12.25 0.50 0.87 1.80
12.26 0.50 0.87 1.80
12.27 0.50 0.86 1.80
12.28 0.51 0.86 1.80
12.28 0.52 0.85 1.80
12.29 0.53 0.85 1.80
12.30 0.54 0.84 1.80
12.31 0.56 0.83 1.80
12.32 0.58 0.82 1.80
12.32 0.60 0.80 1.80
12.33 0.62 0.79 1.80
12.34 0.64 0.77 1.80
12.35 0.66 0.75 1.80
12.36 0.69 0.73 1.80
12.37 0.71 0.70 1.80
12.38 0.74 0.67 1.80
12.38 0.76 0.64 1.80
12.39 0.79 0.61 1.80
12.40 0.82 0.58 1.80
12.41 0.84 0.54 1.80
12.42 0.87 0.50 1.80
12.43 0.89 0.46 1.80
12.43 0.91 0.41 1.80
12.44 0.93 0.37 1.80
12.45 0.95 0.32 1.80
12.46 0.96 0.27 1.80
12.47 0.98 0.22 1.80
12.47 0.99 0.16 1.80
12.48 0.99 0.11 1.80
12.49 1.00 0.05 1.80
12.50 1.00 -0.00 1.80
12.51 1.00 -0.05 1.80
12.52 0.99 -0.11 1.80
12.53 0.99 -0.16 1.80
12.53 0.98 -0.22 1.80
12.54 0.96 -0.27 1.80
12.55 0.95 -0.32 1.80
12.56 0.93 -0.37 1.80
12.57 0.91 -0.41 1.80
12.57 0.89 -0.46 1.80
12.58 0.87 -0.50 1.80
12.59 0.84 -0.54 1.80
12.60 0.82 -0.58 1.80
12.61 0.79 -0.61 1.80
12.62 0.76 -0.64 1.80
12.62 0.74 -0.67 1.80
12.63 0.71 -0.70 1.80
12.64 0.69 -0.73 1.80
12.65 0.66 -0.75 1.80
12.66 0.64 -0.77 1.80
12.67 0.62 -0.79 1.80
12.68 0.60 -0.80 1.80
12.68 0.58 -0.82 1.80
12.69 0.56 -0.83 1.80
12.70 0.54 -0.84 1.80
12.71 0.53 -0.85 1.80
12.72 0.52 -0.85 1.80
12.72 0.51 -0.86 1.80
12.73 0.50 -0.86 1.80
12.74 0.50 -0.87 1.80
12.75 0.50 -0.87 1.80
12.76 0.50 -0.87 1.80
12.77 0.50 -0.86 1.80
12.78 0.51 -0.86 1.80
12.78 0.52 -0.85 1.80
12.79 0.53 -0.85 1.80
12.80 0.54 -0.84 1.80
12.81 0.56 -0.83 1.80
12.82 0.58 -0.82 1.80
12.82 0.60 -0.80 1.80
12.83 0.62 -0.79 1.80
12.84 0.64 -0.77 1.80
12.85 0.66 -0.75 1.80
12.86 0.69 -0.73 1.80
12.87 0.71 -0.70 1.80
12.88 0.74 -0.67 1.80
12.88 0.76 -0.64 1.80
12.89 0.79 -0.61 1.80
12.90 0.82 -0.58 1.80
12.91 0.84 -0.54 1.80
12.92 0.87 -0.50 1.80
12.92 0.89 -0.46 1.80
12.93 0.91 -0.41 1.80
12.94 0.93 -0.37 1.80
12.95 0.95 -0.32 1.80
12.96 0.96 -0.27 1.80
12.97 0.98 -0.22 1.80
12.97 0.99 -0.16 1.80
12.98 0.99 -0.11 1.80
12.99 1.00 -0.05 1.80
13.00 1.00 0.00 1.80
13.01 1.00 0.05 1.80
13.02 0.99 0.11 1.80
13.03 0.99 0.16 1.80
13.03 0.98 0.22 1.80
13.04 0.96 0.27 1.80
13.05 0.95 0.32 1.80
13.06 0.93 0.37 1.80
13.07 0.91 0.41 1.80
13.07 0.89 0.46 1.80
13.08 0.87 0.50 1.80
13.09 0.84 0.54 1.80
13.10 0.82 0.58 1.80
13.11 0.79 0.61 1.80
13.12 0.76 0.64 1.80
13.12 0.74 0.67 1.80
13.13 0.71 0.70 1.80
13.14 0.69 0.73 1.80
13.15 0.66 0.75 1.80
13.16 0.64 0.77 1.80
13.17 0.62 0.79 1.80
13.17 0.60 0.80 1.80
13.18 0.58 0.82 1.80
13.19 0.56 0.83 1.80
13.20 0.54 0.84 1.80
13.21 0.53 0.85 1.80
13.22 0.52 0.85 1.80
13.22 0.51 0.86 1.80
13.23 0.50 0.86 1.80
13.24 0.50 0.87 1.80
13.25 0.50 0.87 1.80
13.26 0.50 0.87 1.80
13.27 0.50 0.86 1.80
13.28 0.51 0.86 1.80
13.28 0.52 0.85 1.80
13.29 0.53 0.85 1.80
13.30 0.54 0.84 1.80
13.31 0.56 0.83 1.80
13.32 0.58 0.82 1.80
13.32 0.60 0.80 1.80
13.33 0.62 0.79 1.80
13.34 0.64 0.77 1.80
13.35 0.66 0.75 1.80
13.36 0.69 0.73 1.80
13.37 0.71 0.70 1.80
13.38 0.74 0.67 1.80
13.38 0.76 0.64 1.80
13.39 0.79 0.61 1.80
13.40 0.82 0.58 1.80
13.41 0.84 0.54 1.80
13.42 0.87 0.50 1.80
13.42 0.89 0.46 1.80
13.43 0.91 0.41 1.80
13.44 0.93 0.37 1.80
13.45 0.95 0.32 1.80
13.46 0.96 0.27 1.80
13.47 0.98 0.22 1.80
13.47 0.99 0.16 1.80
13.48 0.99 0.11 1.80
13.49 1.00 0.05 1.80
13.50 1.00 0.00 1.80
13.51 1.00 -0.05 1.80
13.52 0.99 -0.11 1.80
13.53 0.99 -0.16 1.80
13.53 0.98 -0.22 1.80
13.54 0.96 -0.27 1.80
13.55 0.95 -0.32 1.80
13.56 0.93 -0.37 1.80
13.57 0.91 -0.41 1.80
13.57 0.89 -0.46 1.80
13.58 0.87 -0.50 1.80
13.59 0.84 -0.54 1.80
13.60 0.82 -0.58 1.80
13.61 0.79 -0.61 1.80
13.62 0.76 -0.64 1.80
13.62 0.74 -0.67 1.80
13.63 0.71 -0.70 1.80
13.64 0.69 -0.73 1.80
13.65 0.66 -0.75 1.80
13.66 0.64 -0.77 1.80
13.67 0.62 -0.79 1.80
13.67 0.60 -0.80 1.80
13.68 0.58 -0.82 1.80
13.69 0.56 -0.83 1.80
13.70 0.54 -0.84 1.80
13.71 0.53 -0.85 1.80
13.72 0.52 -0.85 1.80
13.72 0.51 -0.86 1.80
13.73 0.50 -0.86 1.80
13.74 0.50 -0.87 1.80
13.75 0.50 -0.87 1.80
13.76 0.50 -0.87 1.80
13.77 0.50 -0.86 1.80
13.78 0.51 -0.86 1.80
13.78 0.52 -0.85 1.80
13.79 0.53 -0.85 1.80
13.80 0.54 -0.84 1.80
13.81 0.56 -0.83 1.80
13.82 0.58 -0.82 1.80
13.82 0.60 -0.80 1.80
13.83 0.62 -0.79 1.80
13.84 0.64 -0.77 1.80
13.85 0.66 -0.75 1.80
13.86 0.69 -0.73 1.80
13.87 0.71 -0.70 1.80
13.88 0.74 -0.67 1.80
13.88 0.76 -0.64 1.80
13.89 0.79 -0.61 1.80
13.90 0.82 -0.58 1.80
13.91 0.84 -0.54 1.80
13.92 0.87 -0.50 1.80
13.92 0.89 -0.46 1.80
13.93 0.91 -0.41 1.80
13.94 0.93 -0.37 1.80
13.95 0.95 -0.32 1.80
13.96 0.96 -0.27 1.80
13.97 0.98 -0.22 1.80
13.97 0.99 -0.16 1.80
13.98 0.99 -0.11 1.80
13.99 1.00 -0.05 1.80
14.00 1.00 -0.00 1.80
14.01 1.00 0.05 1.80
14.02 0.99 0.11 1.80
14.03 0.99 0.16 1.80
14.03 0.98 0.22 1.80
14.04 0.96 0.27 1.80
14.05 0.95 0.32 1.80
14.06 0.93 0.37 1.80
14.07 0.91 0.41 1.80
14.07 0.89 0.46 1.80
14.08 0.87 0.50 1.80
14.09 0.84 0.54 1.80
14.10 0.82 0.58 1.80
14.11 0.79 0.61 1.80
14.12 0.76 0.64 1.80
14.12 0.74 0.67 1.80
14.13 0.71 0.70 1.80
14.14 0.69 0.73 1.80
14.15 0.66 0.75 1.80
14.16 0.64 0.77 1.80
14.17 0.62 0.79 1.80
14.17 0.60 0.80 1.80
14.18 0.58 0.82 1.80
14.19 0.56 0.83 1.80
14.20 0.54 0.84 1.80
14.21 0.53 0.85 1.80
14.22 0.52 0.85 1.80
14.22 0.51 0.86 1.80
14.23 0.50 0.86 1.80
14.24 0.50 0.87 1.80
14.25 0.50 0.87 1.80
14.26 0.50 0.87 1.80
14.27 0.50 0.86 1.80
14.28 0.51 0.86 1.80
14.28 0.52 0.85 1.80
14.29 0.53 0.85 1.80
14.30 0.54 0.84 1.80
14.31 0.56 0.83 1.80
14.32 0.58 0.82 1.80
14.32 0.60 0.80 1.80
14.33 0.62 0.79 1.80
14.34 0.64 0.77 1.80
14.35 0.66 0.75 1.80
14.36 0.69 0.73 1.80
14.37 0.71 0.70 1.80
14.38 0.74 0.67 1.80
14.38 0.76 0.64 1.80
14.39 0.79 0.61 1.80
14.40 0.82 0.58 1.80
14.41 0.84 0.54 1.80
14.42 0.87 0.50 1.80
14.42 0.89 0.46 1.80
14.43 0.91 0.41 1.80
14.44 0.93 0.37 1.80
14.45 0.95 0.32 1.80
14.46 0.96 0.27 1.80
14.47 0.98 0.22 1.80
14.47 0.99 0.16 1.80
14.48 0.99 0.11 1.80
14.49 1.00 0.05 1.80
14.50 1.00 -0.00 1.80
14.51 1.00 -0.05 1.80
14.52 0.99 -0.11 1.80
14.53 0.99 -0.16 1.80
14.53 0.98 -0.22 1.80
14.54 0.96 -0.27 1.80
14.55 0.95 -0.32 1.80
14.56 0.93 -0.37 1.80
14.57 0.91 -0.41 1.80
14.57 0.89 -0.46 1.80
14.58 0.87 -0.50 1.80
14.59 0.84 -0.54 1.80
14.60 0.82 -0.58 1.80
14.61 0.79 -0.61 1.80
14.62 0.76 -0.64 1.80
14.62 0.74 -0.67 1.80
14.63 0.71 -0.70 1.80
14.64 0.69 -0.73 1.80
14.65 0.66 -0.75 1.80
14.66 0.64 -0.77 1.80
14.67 0.62 -0.79 1.80
14.67 0.60 -0.80 1.80
14.68 0.58 -0.82 1.80
14.69 0.56 -0.83 1.80
14.70 0.54 -0.84 1.80
14.71 0.53 -0.85 1.80
14.72 0.52 -0.85 1.80
14.72 0.51 -0.86 1.80
14.73 0.50 -0.86 1.80
14.74 0.50 -0.87 1.80
14.75 0.50 -0.87 1.80
14.76 0.50 -0.87 1.80
14.77 0.50 -0.86 1.80
14.78 0.51 -0.86 1.80
14.78 0.52 -0.85 1.80
14.79 0.53 -0.85 1.80
14.80 0.54 -0.84 1.80
14.81 0.56 -0.83 1.80
14.82 0.58 -0.82 1.80
14.82 0.60 -0.80 1.80
14.83 0.62 -0.79 1.80
14.84 0.64 -0.77 1.80
14.85 0.66 -0.75 1.80
14.86 0.69 -0.73 1.80
14.87 0.71 -0.70 1.80
14.88 0.74 -0.67 1.80
14.88 0.76 -0.64 1.80
14.89 0.79 -0.61 1.80
14.90 0.82 -0.58 1.80
14.91 0.84 -0.54 1.80
14.92 0.87 -0.50 1.80
14.92 0.89 -0.46 1.80
14.93 0.91 -0.41 1.80
14.94 0.93 -0.37 1.80
14.95 0.95 -0.32 1.80
14.96 0.96 -0.27 1.80
14.97 0.98 -0.22 1.80
14.97 0.99 -0.16 1.80
14.98 0.99 -0.11 1.80
14.99 1.00 -0.05 1.80
15.00 1.00 -0.00 1.80
15.01 1.00 0.05 1.80
15.02 0.99 0.11 1.80
15.03 0.99 0.16 1.80
15.03 0.98 0.22 1.80
15.04 0.96 0.27 1.80
15.05 0.95 0.32 1.80
15.06 0.93 0.37 1.80
15.07 0.91 0.41 1.80
15.07 0.89 0.46 1.80
15.08 0.87 0.50 1.80
15.09 0.84 0.54 1.80
15.10 0.82 0.58 1.80
15.11 0.79 0.61 1.80
15.12 0.76 0.64 1.80
15.12 0.74 0.67 1.80
15.13 0.71 0.70 1.80
15.14 0.69 0.73 1.80
15.15 0.66 0.75 1.80
15.16 0.64 0.77 1.80
15.17 0.62 0.79 1.80
15.17 0.60 0.80 1.80
15.18 0.58 0.82 1.80
15.19 0.56 0.83 1.80
15.20 0.54 0.84 1.80
15.21 0.53 0.85 1.80
15.22 0.52 0.85 1.80
15.22 0.51 0.86 1.80
15.23 0.50 0.86 1.80
15.24 0.50 0.87 1.80
15.25 0.50 0.87 1.80
15.26 0.50 0.87 1.80
15.27 0.50 0.86 1.80
15.28 0.51 0.86 1.80
15.28 0.52 0.85 1.80
15.29 0.53 0.85 1.80
15.30 0.54 0.84 1.80
15.31 0.56 0.83 1.80
15.32 0.58 0.82 1.80
15.32 0.60 0.80 1.80
15.33 0.62 0.79 1.80
15.34 0.64 0.77 1.80
15.35 0.66 0.75 1.80
15.36 0.69 0.73 1.80
15.37 0.71 0.70 1.80
15.38 0.74 0.67 1.80
15.38 0.76 0.64 1.80
15.39 0.79 0.61 1.80
15.40 0.82 0.58 1.80
15.41 0.84 0.54 1.80
15.42 0.87 0.50 1.80
15.42 0.89 0.46 1.80
15.43 0.91 0.41 1.80
15.44 0.93 0.37 1.80
15.45 0.95 0.32 1.80
15.46 0.96 0.27 1.80
15.47 0.98 0.22 1.80
15.47 0.99 0.16 1.80
15.48 0.99 0.11 1.80
15.49 1.00 0.05 1.80
15.50 1.00 0.00 1.80
15.51 1.00 -0.05 1.80
15.52 0.99 -0.11 1.80
15.53 0.99 -0.16 1.80
15.53 0.98 -0.22 1.80
15.54 0.96 -0.27 1.80
15.55 0.95 -0.32 1.80
15.56 0.93 -0.37 1.80
15.57 0.91 -0.41 1.80
15.57 0.89 -0.46 1.80
15.58 0.87 -0.50 1.80
15.59 0.84 -0.54 1.80
15.60 0.82 -0.58 1.80
15.61 0.79 -0.61 1.80
15.62 0.76 -0.64 1.80
15.62 0.74 -0.67 1.80
15.63 0.71 -0.70 1.80
15.64 0.69 -0.73 1.80
15.65 0.66 -0.75 1.80
15.66 0.64 -0.77 1.80
15.67 0.62 -0.79 1.80
15.67 0.60 -0.80 1.80
15.68 0.58 -0.82 1.80
15.69 0.56 -0.83 1.80
15.70 0.54 -0.84 1.80
15.71 0.53 -0.85 1.80
15.72 0.52 -0.85 1.80
15.72 0.51 -0.86 1.80
15.73 0.50 -0.86 1.80
15.74 0.50 -0.87 1.80
15.75 0.50 -0.87 1.80
15.76 0.50 -0.87 1.80
15.77 0.50 -0.86 1.80
15.78 0.51 -0.86 1.80
15.78 0.52 -0.85 1.80
15.79 0.53 -0.85 1.80
15.80 0.54 -0.84 1.80
15.81 0.56 -0.83 1.80
15.82 0.58 -0.82 1.80
15.82 0.60 -0.80 1.80
15.83 0.62 -0.79 1.80
15.84 0.64 -0.77 1.80
15.85 0.66 -0.75 1.80
15.86 0.69 -0.73 1.80
15.87 0.71 -0.70 1.80
15.88 0.74 -0.67 1.80
15.88 0.76 -0.64 1.80
15.89 0.79 -0.61 1.80
15.90 0.82 -0.58 1.80
15.91 0.84 -0.54 1.80
15.92 0.87 -0.50 1.80
15.92 0.89 -0.46 1.80
15.93 0.91 -0.41 1.80
15.94 0.93 -0.37 1.80
15.95 0.95 -0.32 1.80
15.96 0.96 -0.27 1.80
15.97 0.98 -0.22 1.80
15.97 0.99 -0.16 1.80
15.98 0.99 -0.11 1.80
15.99 1.00 -0.05 1.80
16.00 1.00 -0.00 1.80
16.01 1.00 0.05 1.80
16.02 0.99 0.11 1.80
16.02 0.99 0.16 1.80
16.03 0.98 0.22 1.80
16.04 0.96 0.27 1.80
16.05 0.95 0.32 1.80
16.06 0.93 0.37 1.80
16.07 0.91 0.41 1.80
16.07 0.89 0.46 1.80
16.08 0.87 0.50 1.80
16.09 0.84 0.54 1.80
16.10 0.82 0.58 1.80
16.11 0.79 0.61 1.80
16.12 0.76 0.64 1.80
16.12 0.74 0.67 1.80
16.13 0.71 0.70 1.80
16.14 0.69 0.73 1.80
16.15 0.66 0.75 1.80
16.16 0.64 0.77 1.80
16.17 0.62 0.79 1.80
16.18 0.60 0.80 1.80
16.18 0.58 0.82 1.80
16.19 0.56 0.83 1.80
16.20 0.54 0.84 1.80
16.21 0.53 0.85 1.80
16.22 0.52 0.85 1.80
16.23 0.51 0.86 1.80
16.23 0.50 0.86 1.80
16.24 0.50 0.87 1.80
16.25 0.50 0.87 1.80
16.26 0.50 0.87 1.80
16.27 0.50 0.86 1.80
16.27 0.51 0.86 1.80
16.28 0.52 0.85 1.80
16.29 0.53 0.85 1.80
16.30 0.54 0.84 1.80
16.31 0.56 0.83 1.80
16.32 0.58 0.82 1.80
16.32 0.60 0.80 1.80
16.33 0.62 0.79 1.80
16.34 0.64 0.77 1.80
16.35 0.66 0.75 1.80
16.36 0.69 0.73 1.80
16.37 0.71 0.70 1.80
16.38 0.74 0.67 1.80
16.38 0.76 0.64 1.80
16.39 0.79 0.61 1.80
16.40 0.82 0.58 1.80
16.41 0.84 0.54 1.80
16.42 0.87 0.50 1.80
16.43 0.89 0.46 1.80
16.43 0.91 0.41 1.80
16.44 0.93 0.37 1.80
16.45 0.95 0.32 1.80
16.46 0.96 0.27 1.80
16.47 0.98 0.22 1.80
16.48 0.99 0.16 1.80
16.48 0.99 0.11 1.80
16.49 1.00 0.05 1.80
16.50 1.00 0.00 1.80
16.51 1.00 -0.05 1.80
16.52 0.99 -0.11 1.80
16.52 0.99 -0.16 1.80
16.53 0.98 -0.22 1.80
16.54 0.96 -0.27 1.80
16.55 0.95 -0.32 1.80
16.56 0.93 -0.37 1.80
16.57 0.91 -0.41 1.80
16.57 0.89 -0.46 1.80
16.58 0.87 -0.50 1.80
16.59 0.84 -0.54 1.80
16.60 0.82 -0.58 1.80
16.61 0.79 -0.61 1.80
16.62 0.76 -0.64 1.80
16.62 0.74 -0.67 1.80
16.63 0.71 -0.70 1.80
16.64 0.69 -0.73 1.80
16.65 0.66 -0.75 1.80
16.66 0.64 -0.77 1.80
16.67 0.62 -0.79 1.80
16.68 0.60 -0.80 1.80
16.68 0.58 -0.82 1.80
16.69 0.56 -0.83 1.80
16.70 0.54 -0.84 1.80
16.71 0.53 -0.85 1.80
16.72 0.52 -0.85 1.80
16.73 0.51 -0.86 1.80
16.73 0.50 -0.86 1.80
16.74 0.50 -0.87 1.80
16.75 0.50 -0.87 1.80
16.76 0.50 -0.87 1.80
16.77 0.50 -0.86 1.80
16.77 0.51 -0.86 1.80
16.78 0.52 -0.85 1.80
16.79 0.53 -0.85 1.80
16.80 0.54 -0.84 1.80
16.81 0.56 -0.83 1.80
16.82 0.58 -0.82 1.80
16.82 0.60 -0.80 1.80
16.83 0.62 -0.79 1.80
16.84 0.64 -0.77 1.80
16.85 0.66 -0.75 1.80
16.86 0.69 -0.73 1.80
16.87 0.71 -0.70 1.80
16.88 0.74 -0.67 1.80
16.88 0.76 -0.64 1.80
16.89 0.79 -0.61 1.80
16.90 0.82 -0.58 1.80
16.91 0.84 -0.54 1.80
16.92 0.87 -0.50 1.80
16.93 0.89 -0.46 1.80
16.93 0.91 -0.41 1.80
16.94 0.93 -0.37 1.80
16.95 0.95 -0.32 1.80
16.96 0.96 -0.27 1.80
16.97 0.98 -0.22 1.80
16.98 0.99 -0.16 1.80
16.98 0.99 -0.11 1.80
16.99 1.00 -0.05 1.80
17.00 1.00 0.00 1.80
17.01 1.00 0.05 1.80
17.02 0.99 0.11 1.80
17.02 0.99 0.16 1.80
17.03 0.98 0.22 1.80
17.04 0.96 0.27 1.80
17.05 0.95 0.32 1.80
17.06 0.93 0.37 1.80
17.07 0.91 0.41 1.80
17.07 0.89 0.46 1.80
17.08 0.87 0.50 1.80
17.09 0.84 0.54 1.80
17.10 0.82 0.58 1.80
17.11 0.79 0.61 1.80
17.12 0.76 0.64 1.80
17.12 0.74 0.67 1.80
17.13 0.71 0.70 1.80
17.14 0.69 0.73 1.80
17.15 0.66 0.75 1.80
17.16 0.64 0.77 1.80
17.17 0.62 0.79 1.80
17.18 0.60 0.80 1.80
17.18 0.58 0.82 1.80
17.19 0.56 0.83 1.80
17.20 0.54 0.84 1.80
17.21 0.53 0.85 1.80
17.22 0.52 0.85 1.80
17.23 0.51 0.86 1.80
17.23 0.50 0.86 1.80
17.24 0.50 0.87 1.80
17.25 0.50 0.87 1.80
17.26 0.50 0.87 1.80
17.27 0.50 0.86 1.80
17.27 0.51 0.86 1.80
17.28 0.52 0.85 1.80
17.29 0.53 0.85 1.80
17.30 0.54 0.84 1.80
17.31 0.56 0.83 1.80
17.32 0.58 0.82 1.80
17.32 0.60 0.80 1.80
17.33 0.62 0.79 1.80
17.34 0.64 0.77 1.80
17.35 0.66 0.75 1.80
17.36 0.69 0.73 1.80
17.37 0.71 0.70 1.80
17.38 0.74 0.67 1.80
17.38 0.76 0.64 1.80
17.39 0.79 0.61 1.80
17.40 0.82 0.58 1.80
17.41 0.84 0.54 1.80
17.42 0.87 0.50 1.80
17.43 0.89 0.46 1.80
17.43 0.91 0.41 1.80
17.44 0.93 0.37 1.80
17.45 0.95 0.32 1.80
17.46 0.96 0.27 1.80
17.47 0.98 0.22 1.80
17.48 0.99 0.16 1.80
17.48 0.99 0.11 1.80
17.49 1.00 0.05 1.80
17.50 1.00 0.00 1.80
17.51 1.00 -0.05 1.80
17.52 0.99 -0.11 1.80
17.52 0.99 -0.16 1.80
17.53 0.98 -0.22 1.80
17.54 0.96 -0.27 1.80
17.55 0.95 -0.32 1.80
17.56 0.93 -0.37 1.80
17.57 0.91 -0.41 1.80
17.57 0.89 -0.46 1.80
17.58 0.87 -0.50 1.80
17.59 0.84 -0.54 1.80
17.60 0.82 -0.58 1.80
17.61 0.79 -0.61 1.80
17.62 0.76 -0.64 1.80
17.62 0.74 -0.67 1.80
17.63 0.71 -0.70 1.80
17.64 0.69 -0.73 1.80
17.65 0.66 -0.75 1.80
17.66 0.64 -0.77 1.80
17.67 0.62 -0.79 1.80
17.68 0.60 -0.80 1.80
17.68 0.58 -0.82 1.80
17.69 0.56 -0.83 1.80
17.70 0.54 -0.84 1.80
17.71 0.53 -0.85 1.80
17.72 0.52 -0.85 1.80
17.73 0.51 -0.86 1.80
17.73 0.50 -0.86 1.80
17.74 0.50 -0.87 1.80
17.75 0.50 -0.87 1.80
17.76 0.50 -0.87 1.80
17.77 0.50 -0.86 1.80
17.77 0.51 -0.86 1.80
17.78 0.52 -0.85 1.80
17.79 0.53 -0.85 1.80
17.80 0.54 -0.84 1.80
17.81 0.56 -0.83 1.80
17.82 0.58 -0.82 1.80
17.82 0.60 -0.80 1.80
17.83 0.62 -0.79 1.80
17.84 0.64 -0.77 1.80
17.85 0.66 -0.75 1.80
17.86 0.69 -0.73 1.80
17.87 0.71 -0.70 1.80
17.88 0.74 -0.67 1.80
17.88 0.76 -0.64 1.80
17.89 0.79 -0.61 1.80
17.90 0.82 -0.58 1.80
17.91 0.84 -0.54 1.80
17.92 0.87 -0.50 1.80
17.93 0.89 -0.46 1.80
17.93 0.91 -0.41 1.80
17.94 0.93 -0.37 1.80
17.95 0.95 -0.32 1.80
17.96 0.96 -0.27 1.80
17.97 0.98 -0.22 1.80
17.98 0.99 -0.16 1.80
17.98 0.99 -0.11 1.80
17.99 1.00 -0.05 1.80
18.00 1.00 -0.00 1.80
18.01 1.00 0.05 1.80
18.02 0.99 0.11 1.80
18.02 0.99 0.16 1.80
18.03 0.98 0.22 1.80
18.04 0.96 0.27 1.80
18.05 0.95 0.32 1.80
18.06 0.93 0.37 1.80
18.07 0.91 0.41 1.80
18.07 0.89 0.46 1.80
18.08 0.87 0.50 1.80
18.09 0.84 0.54 1.80
18.10 0.82 0.58 1.80
18.11 0.79 0.61 1.80
18.12 0.76 0.64 1.80
18.12 0.74 0.67 1.80
18.13 0.71 0.70 1.80
18.14 0.69 0.73 1.80
18.15 0.66 0.75 1.80
18.16 0.64 0.77 1.80
18.17 0.62 0.79 1.80
18.18 0.60 0.80 1.80
18.18 0.58 0.82 1.80
18.19 0.56 0.83 1.80
18.20 0.54 0.84 1.80
18.21 0.53 0.85 1.80
18.22 0.52 0.85 1.80
18.23 0.51 0.86 1.80
18.23 0.50 0.86 1.80
18.24 0.50 0.87 1.80
18.25 0.50 0.87 1.80
18.26 0.50 0.87 1.80
18.27 0.50 0.86 1.80
18.27 0.51 0.86 1.80
18.28 0.52 0.85 1.80
18.29 0.53 0.85 1.80
18.30 0.54 0.84 1.80
18.31 0.56 0.83 1.80
18.32 0.58 0.82 1.80
18.32 0.60 0.80 1.80
18.33 0.62 0.79 1.80
18.34 0.64 0.77 1.80
18.35 0.66 0.75 1.80
18.36 0.69 0.73 1.80
18.37 0.71 0.70 1.80
18.38 0.74 0.67 1.80
18.38 0.76 0.64 1.80
18.39 0.79 0.61 1.80
18.40 0.82 0.58 1.80
18.41 0.84 0.54 1.80
18.42 0.87 0.50 1.80
18.43 0.89 0.46 1.80
18.43 0.91 0.41 1.80
18.44 0.93 0.37 1.80
18.45 0.95 0.32 1.80
18.46 0.96 0.27 1.80
18.47 0.98 0.22 1.80
18.48 0.99 0.16 1.80
18.48 0.99 0.11 1.80
18.49 1.00 0.05 1.80
18.50 1.00 0.00 1.80
18.51 1.00 -0.05 1.80
18.52 0.99 -0.11 1.80
18.52 0.99 -0.16 1.80
18.53 0.98 -0.22 1.80
18.54 0.96 -0.27 1.80
18.55 0.95 -0.32 1.80
18.56 0.93 -0.37 1.80
18.57 0.91 -0.41 1.80
18.57 0.89 -0.46 1.80
18.58 0.87 -0.50 1.80
18.59 0.84 -0.54 1.80
18.60 0.82 -0.58 1.80
18.61 0.79 -0.61 1.80
18.62 0.76 -0.64 1.80
18.62 0.74 -0.67 1.80
18.63 0.71 -0.70 1.80
18.64 0.69 -0.73 1.80
18.65 0.66 -0.75 1.80
18.66 0.64 -0.77 1.80
18.67 0.62 -0.79 1.80
18.68 0.60 -0.80 1.80
18.68 0.58 -0.82 1.80
18.69 0.56 -0.83 1.80
18.70 0.54 -0.84 1.80
18.71 0.53 -0.85 1.80
18.72 0.52 -0.85 1.80
18.73 0.51 -0.86 1.80
18.73 0.50 -0.86 1.80
18.74 0.50 -0.87 1.80
18.75 0.50 -0.87 1.80
18.76 0.50 -0.87 1.80
18.77 0.50 -0.86 1.80
18.77 0.51 -0.86 1.80
18.78 0.52 -0.85 1.80
18.79 0.53 -0.85 1.80
18.80 0.54 -0.84 1.80
18.81 0.56 -0.83 1.80
18.82 0.58 -0.82 1.80
18.82 0.60 -0.80 1.80
18.83 0.62 -0.79 1.80
18.84 0.64 -0.77 1.80
18.85 0.66 -0.75 1.80
18.86 0.69 -0.73 1.80
18.87 0.71 -0.70 1.80
18.88 0.74 -0.67 1.80
18.88 0.76 -0.64 1.80
18.89 0.79 -0.61 1.80
18.90 0.82 -0.58 1.80
18.91 0.84 -0.54 1.80
18.92 0.87 -0.50 1.80
18.93 0.89 -0.46 1.80
18.93 0.91 -0.41 1.80
18.94 0.93 -0.37 1.80
18.95 0.95 -0.32 1.80
18.96 0.96 -0.27 1.80
18.97 0.98 -0.22 1.80
18.98 0.99 -0.16 1.80
18.98 0.99 -0.11 1.80
18.99 1.00 -0.05 1.80
19.00 1.00 -0.00 1.80
19.01 1.00 0.05 1.80
19.02 0.99 0.11 1.80
19.02 0.99 0.16 1.80
19.03 0.98 0.22 1.80
19.04 0.96 0.27 1.80
19.05 0.95 0.32 1.80
19.06 0.93 0.37 1.80
19.07 0.91 0.41 1.80
19.07 0.89 0.46 1.80
19.08 0.87 0.50 1.80
19.09 0.84 0.54 1.80
19.10 0.82 0.58 1.80
19.11 0.79 0.61 1.80
19.12 0.76 0.64 1.80
19.12 0.74 0.67 1.80
19.13 0.71 0.70 1.80
19.14 0.69 0.73 1.80
19.15 0.66 0.75 1.80
19.16 0.64 0.77 1.80
19.17 0.62 0.79 1.80
19.18 0.60 0.80 1.80
19.18 0.58 0.82 1.80
19.19 0.56 0.83 1.80
19.20 0.54 0.84 1.80
19.21 0.53 0.85 1.80
19.22 0.52 0.85 1.80
19.23 0.51 0.86 1.80
19.23 0.50 0.86 1.80
19.24 0.50 0.87 1.80
19.25 0.50 0.87 1.80
19.26 0.50 0.87 1.80
19.27 0.50 0.86 1.80
19.27 0.51 0.86 1.80
19.28 0.52 0.85 1.80
19.29 0.53 0.85 1.80
19.30 0.54 0.84 1.80
19.31 0.56 0.83 1.80
19.32 0.58 0.82 1.80
19.32 0.60 0.80 1.80
19.33 0.62 0.79 1.80
19.34 0.64 0.77 1.80
19.35 0.66 0.75 1.80
19.36 0.69 0.73 1.80
19.37 0.71 0.70 1.80
19.38 0.74 0.67 1.80
19.38 0.76 0.64 1.80
19.39 0.79 0.61 1.80
19.40 0.82 0.58 1.80
19.41 0.84 0.54 1.80
19.42 0.87 0.50 1.80
19.43 0.89 0.46 1.80
19.43 0.91 0.41 1.80
19.44 0.93 0.37 1.80
19.45 0.95 0.32 1.80
19.46 0.96 0.27 1.80
19.47 0.98 0.22 1.80
19.48 0.99 0.16 1.80
19.48 0.99 0.11 1.80
19.49 1.00 0.05 1.80
19.50 1.00 0.00 1.80
19.51 1.00 -0.05 1.80
19.52 0.99 -0.11 1.80
19.52 0.99 -0.16 1.80
19.53 0.98 -0.22 1.80
19.54 0.96 -0.27 1.80
19.55 0.95 -0.32 1.80
19.56 0.93 -0.37 1.80
19.57 0.91 -0.41 1.80
19.57 0.89 -0.46 1.80
19.58 0.87 -0.50 1.80
19.59 0.84 -0.54 1.80
19.60 0.82 -0.58 1.80
19.61 0.79 -0.61 1.80
19.62 0.76 -0.64 1.80
19.62 0.74 -0.67 1.80
19.63 0.71 -0.70 1.80
19.64 0.69 -0.73 1.80
19.65 0.66 -0.75 1.80
19.66 0.64 -0.77 1.80
19.67 0.62 -0.79 1.80
19.68 0.60 -0.80 1.80
19.68 0.58 -0.82 1.80
19.69 0.56 -0.83 1.80
19.70 0.54 -0.84 1.80
19.71 0.53 -0.85 1.80
19.72 0.52 -0.85 1.80
19.73 0.51 -0.86 1.80
19.73 0.50 -0.86 1.80
19.74 0.50 -0.87 1.80
19.75 0.50 -0.87 1.80
19.76 0.50 -0.87 1.80
19.77 0.50 -0.86 1.80
19.77 0.51 -0.86 1.80
19.78 0.52 -0.85 1.80
19.79 0.53 -0.85 1.80
19.80 0.54 -0.84 1.80
19.81 0.56 -0.83 1.80
19.82 0.58 -0.82 1.80
19.82 0.60 -0.80 1.80
19.83 0.62 -0.79 1.80
19.84 0.64 -0.77 1.80
19.85 0.66 -0.75 1.80
19.86 0.69 -0.73 1.80
19.87 0.71 -0.70 1.80
19.88 0.74 -0.67 1.80
19.88 0.76 -0.64 1.80
19.89 0.79 -0.61 1.80
19.90 0.82 -0.58 1.80
19.91 0.84 -0.54 1.80
19.92 0.87 -0.50 1.80
19.93 0.89 -0.46 1.80
19.93 0.91 -0.41 1.80
19.94 0.93 -0.37 1.80
19.95 0.95 -0.32 1.80
19.96 0.96 -0.27 1.80
19.97 0.98 -0.22 1.80
19.98 0.99 -0.16 1.80
19.98 0.99 -0.11 1.80
19.99 1.00 -0.05 1.80
20.00 1.00 -0.00 1.80
