0.00 0.00 0.00 0.00
0.00 0.20 0.00 0.00
0.01 0.40 0.00 0.00
0.01 0.60 0.00 0.00
0.01 0.80 0.00 0.00
0.01 1.00 0.00 0.00
0.02 1.20 0.00 0.00
0.02 1.40 0.00 0.00
0.02 1.60 0.00 0.00
0.03 1.80 0.00 0.00
0.03 2.00 0.00 0.00
0.03 2.20 0.00 0.00
0.03 2.40 0.00 0.00
0.04 2.60 0.00 0.00
0.04 2.80 0.00 0.00
0.04 3.00 0.00 0.00
0.04 3.20 0.00 0.00
0.05 3.40 0.00 0.00
0.05 3.60 0.00 0.00
0.05 3.80 0.00 0.00
0.06 4.00 0.00 0.00
0.06 4.20 0.00 0.00
0.06 4.40 0.00 0.00
0.06 4.60 0.00 0.00
0.07 4.80 0.00 0.00
0.07 5.00 0.00 0.00
0.07 5.20 0.00 0.00
0.07 5.40 0.00 0.00
0.08 5.60 0.00 0.00
0.08 5.80 0.00 0.00
0.08 6.00 0.00 0.00
0.09 6.20 0.00 0.00
0.09 6.40 0.00 0.00
0.09 6.60 0.00 0.00
0.09 6.80 0.00 0.00
0.10 7.00 0.00 0.00
0.10 7.20 0.00 0.00
0.10 7.40 0.00 0.00
0.11 7.60 0.00 0.00
0.11 7.80 0.00 0.00
0.11 8.00 0.00 0.00
0.11 8.20 0.00 0.00
0.12 8.40 0.00 0.00
0.12 8.60 0.00 0.00
0.12 8.80 0.00 0.00
0.12 9.00 0.00 0.00
0.13 9.20 0.00 0.00
0.13 9.40 0.00 0.00
0.13 9.60 0.00 0.00
0.14 9.80 0.00 0.00
0.14 10.00 0.00 0.00
0.14 10.20 0.00 0.00
0.14 10.40 0.00 0.00
0.15 10.60 0.00 0.00
0.15 10.80 0.00 0.00
0.15 11.00 0.00 0.00
0.16 11.20 0.00 0.00
0.16 11.40 0.00 0.00
0.16 11.60 0.00 0.00
0.16 11.80 0.00 0.00
0.17 12.00 0.00 0.00
0.17 12.20 0.00 0.00
0.17 12.40 0.00 0.00
0.18 12.60 0.00 0.00
0.18 12.80 0.00 0.00
0.18 13.00 0.00 0.00
0.18 13.20 0.00 0.00
0.19 13.40 0.00 0.00
0.19 13.60 0.00 0.00
0.19 13.80 0.00 0.00
0.19 14.00 0.00 0.00
0.20 14.20 0.00 0.00
0.20 14.40 0.00 0.00
0.20 14.60 0.00 0.00
0.21 14.80 0.00 0.00
0.21 15.00 0.00 0.00
0.21 15.20 0.00 0.00
0.21 15.40 0.00 0.00
0.22 15.60 0.00 0.00
0.22 15.80 0.00 0.00
0.22 16.00 0.00 0.00
0.23 16.20 0.00 0.00
0.23 16.40 0.00 0.00
0.23 16.60 0.00 0.00
0.23 16.80 0.00 0.00
0.24 17.00 0.00 0.00
0.24 17.20 0.00 0.00
0.24 17.40 0.00 0.00
0.24 17.60 0.00 0.00
0.25 17.80 0.00 0.00
0.25 18.00 0.00 0.00
0.25 18.20 0.00 0.00
0.26 18.40 0.00 0.00
0.26 18.60 0.00 0.00
0.26 18.80 0.00 0.00
0.26 19.00 0.00 0.00
0.27 19.20 0.00 0.00
0.27 19.40 0.00 0.00
0.27 19.60 0.00 0.00
0.28 19.80 0.00 0.00
0.28 20.00 0.00 0.00
0.28 20.20 0.00 0.00
0.28 20.40 0.00 0.00
0.29 20.60 0.00 0.00
0.29 20.80 0.00 0.00
0.29 21.00 0.00 0.00
0.29 21.20 0.00 0.00
0.30 21.40 0.00 0.00
0.30 21.60 0.00 0.00
0.30 21.80 0.00 0.00
0.31 22.00 0.00 0.00
0.31 22.20 0.00 0.00
0.31 22.40 0.00 0.00
0.31 22.60 0.00 0.00
0.32 22.80 0.00 0.00
0.32 23.00 0.00 0.00
0.32 23.20 0.00 0.00
0.33 23.40 0.00 0.00
0.33 23.60 0.00 0.00
0.33 23.80 0.00 0.00
0.33 24.00 0.00 0.00
0.34 24.20 0.00 0.00
0.34 24.40 0.00 0.00
0.34 24.60 0.00 0.00
0.34 24.80 0.00 0.00
0.35 25.00 0.00 0.00
0.35 25.20 0.00 0.00
0.35 25.40 0.00 0.00
0.36 25.60 0.00 0.00
0.36 25.80 0.00 0.00
0.36 26.00 0.00 0.00
0.36 26.20 0.00 0.00
0.37 26.40 0.00 0.00
0.37 26.60 0.00 0.00
0.37 26.80 0.00 0.00
0.38 27.00 0.00 0.00
0.38 27.20 0.00 0.00
0.38 27.40 0.00 0.00
0.38 27.60 0.00 0.00
0.39 27.80 0.00 0.00
0.39 28.00 0.00 0.00
0.39 28.20 0.00 0.00
0.39 28.40 0.00 0.00
0.40 28.60 0.00 0.00
0.40 28.80 0.00 0.00
0.40 29.00 0.00 0.00
0.41 29.20 0.00 0.00
0.41 29.40 0.00 0.00
0.41 29.60 0.00 0.00
0.41 29.80 0.00 0.00
0.42 30.00 0.00 0.00
0.42 30.20 0.00 0.00
0.42 30.40 0.00 0.00
0.42 30.60 0.00 0.00
0.43 30.80 0.00 0.00
0.43 31.00 0.00 0.00
0.43 31.20 0.00 0.00
0.44 31.40 0.00 0.00
0.44 31.60 0.00 0.00
0.44 31.80 0.00 0.00
0.44 32.00 0.00 0.00
0.45 32.20 0.00 0.00
0.45 32.40 0.00 0.00
0.45 32.60 0.00 0.00
0.46 32.80 0.00 0.00
0.46 33.00 0.00 0.00
0.46 33.20 0.00 0.00
0.46 33.40 0.00 0.00
0.47 33.60 0.00 0.00
0.47 33.80 0.00 0.00
0.47 34.00 0.00 0.00
0.48 34.20 0.00 0.00
0.48 34.40 0.00 0.00
0.48 34.60 0.00 0.00
0.48 34.80 0.00 0.00
0.49 35.00 0.00 0.00
0.49 35.20 0.00 0.00
0.49 35.40 0.00 0.00
0.49 35.60 0.00 0.00
0.50 35.80 0.00 0.00
0.50 36.00 0.00 0.00
0.50 36.20 0.00 0.00
0.51 36.40 0.00 0.00
0.51 36.60 0.00 0.00
0.51 36.80 0.00 0.00
0.51 37.00 0.00 0.00
0.52 37.20 0.00 0.00
0.52 37.40 0.00 0.00
0.52 37.60 0.00 0.00
0.53 37.80 0.00 0.00
0.53 38.00 0.00 0.00
0.53 38.20 0.00 0.00
0.53 38.40 0.00 0.00
0.54 38.60 0.00 0.00
0.54 38.80 0.00 0.00
0.54 39.00 0.00 0.00
0.54 39.20 0.00 0.00
0.55 39.40 0.00 0.00
0.55 39.60 0.00 0.00
0.55 39.80 0.00 0.00
0.56 40.00 0.00 0.00
0.56 40.20 0.00 0.00
0.56 40.40 0.00 0.00
0.56 40.60 0.00 0.00
0.57 40.80 0.00 0.00
0.57 41.00 0.00 0.00
0.57 41.20 0.00 0.00
0.58 41.40 0.00 0.00
0.58 41.60 0.00 0.00
0.58 41.80 0.00 0.00
0.58 42.00 0.00 0.00
0.59 42.20 0.00 0.00
0.59 42.40 0.00 0.00
0.59 42.60 0.00 0.00
0.59 42.80 0.00 0.00
0.60 43.00 0.00 0.00
0.60 43.20 0.00 0.00
0.60 43.40 0.00 0.00
0.61 43.60 0.00 0.00
0.61 43.80 0.00 0.00
0.61 44.00 0.00 0.00
0.61 44.20 0.00 0.00
0.62 44.40 0.00 0.00
0.62 44.60 0.00 0.00
0.62 44.80 0.00 0.00
0.62 45.00 0.00 0.00
0.63 45.20 0.00 0.00
0.63 45.40 0.00 0.00
0.63 45.60 0.00 0.00
0.64 45.80 0.00 0.00
0.64 46.00 0.00 0.00
0.64 46.20 0.00 0.00
0.64 46.40 0.00 0.00
0.65 46.60 0.00 0.00
0.65 46.80 0.00 0.00
0.65 47.00 0.00 0.00
0.66 47.20 0.00 0.00
0.66 47.40 0.00 0.00
0.66 47.60 0.00 0.00
0.66 47.80 0.00 0.00
0.67 48.00 0.00 0.00
0.67 48.20 0.00 0.00
0.67 48.40 0.00 0.00
0.68 48.60 0.00 0.00
0.68 48.80 0.00 0.00
0.68 49.00 0.00 0.00
0.68 49.20 0.00 0.00
0.69 49.40 0.00 0.00
0.69 49.60 0.00 0.00
0.69 49.80 0.00 0.00
0.69 50.00 0.00 0.00
0.70 50.20 0.00 0.00
0.70 50.40 0.00 0.00
0.70 50.60 0.00 0.00
0.71 50.80 0.00 0.00
0.71 51.00 0.00 0.00
0.71 51.20 0.00 0.00
0.71 51.40 0.00 0.00
0.72 51.60 0.00 0.00
0.72 51.80 0.00 0.00
0.72 52.00 0.00 0.00
0.72 52.20 0.00 0.00
0.73 52.40 0.00 0.00
0.73 52.60 0.00 0.00
0.73 52.80 0.00 0.00
0.74 53.00 0.00 0.00
0.74 53.20 0.00 0.00
0.74 53.40 0.00 0.00
0.74 53.60 0.00 0.00
0.75 53.80 0.00 0.00
0.75 54.00 0.00 0.00
0.75 54.20 0.00 0.00
0.76 54.40 0.00 0.00
0.76 54.60 0.00 0.00
0.76 54.80 0.00 0.00
0.76 55.00 0.00 0.00
0.77 55.20 0.00 0.00
0.77 55.40 0.00 0.00
0.77 55.60 0.00 0.00
0.78 55.80 0.00 0.00
0.78 56.00 0.00 0.00
0.78 56.20 0.00 0.00
0.78 56.40 0.00 0.00
0.79 56.60 0.00 0.00
0.79 56.80 0.00 0.00
0.79 57.00 0.00 0.00
0.79 57.20 0.00 0.00
0.80 57.40 0.00 0.00
0.80 57.60 0.00 0.00
0.80 57.80 0.00 0.00
0.81 58.00 0.00 0.00
0.81 58.20 0.00 0.00
0.81 58.40 0.00 0.00
0.81 58.60 0.00 0.00
0.82 58.80 0.00 0.00
0.82 59.00 0.00 0.00
0.82 59.20 0.00 0.00
0.83 59.40 0.00 0.00
0.83 59.60 0.00 0.00
0.83 59.80 0.00 0.00
0.83 60.00 0.00 0.00
0.84 60.20 0.00 0.00
0.84 60.40 0.00 0.00
0.84 60.60 0.00 0.00
0.84 60.80 0.00 0.00
0.85 61.00 0.00 0.00
0.85 61.20 0.00 0.00
0.85 61.40 0.00 0.00
0.86 61.60 0.00 0.00
0.86 61.80 0.00 0.00
0.86 62.00 0.00 0.00
0.86 62.20 0.00 0.00
0.87 62.40 0.00 0.00
0.87 62.60 0.00 0.00
0.87 62.80 0.00 0.00
0.88 63.00 0.00 0.00
0.88 63.20 0.00 0.00
0.88 63.40 0.00 0.00
0.88 63.60 0.00 0.00
0.89 63.80 0.00 0.00
0.89 64.00 0.00 0.00
0.89 64.20 0.00 0.00
0.89 64.40 0.00 0.00
0.90 64.60 0.00 0.00
0.90 64.80 0.00 0.00
0.90 65.00 0.00 0.00
0.91 65.20 0.00 0.00
0.91 65.40 0.00 0.00
0.91 65.60 0.00 0.00
0.91 65.80 0.00 0.00
0.92 66.00 0.00 0.00
0.92 66.20 0.00 0.00
0.92 66.40 0.00 0.00
0.93 66.60 0.00 0.00
0.93 66.80 0.00 0.00
0.93 67.00 0.00 0.00
0.93 67.20 0.00 0.00
0.94 67.40 0.00 0.00
0.94 67.60 0.00 0.00
0.94 67.80 0.00 0.00
0.94 68.00 0.00 0.00
0.95 68.20 0.00 0.00
0.95 68.40 0.00 0.00
0.95 68.60 0.00 0.00
0.96 68.80 0.00 0.00
0.96 69.00 0.00 0.00
0.96 69.20 0.00 0.00
0.96 69.40 0.00 0.00
0.97 69.60 0.00 0.00
0.97 69.80 0.00 0.00
0.97 70.00 0.00 0.00
0.98 70.20 0.00 0.00
0.98 70.40 0.00 0.00
0.98 70.60 0.00 0.00
0.98 70.80 0.00 0.00
0.99 71.00 0.00 0.00
0.99 71.20 0.00 0.00
0.99 71.40 0.00 0.00
0.99 71.60 0.00 0.00
1.00 71.80 0.00 0.00
1.00 72.00 0.00 0.00
1.00 72.20 0.00 0.00
1.01 72.40 0.00 0.00
1.01 72.60 0.00 0.00
1.01 72.80 0.00 0.00
1.01 73.00 0.00 0.00
1.02 73.20 0.00 0.00
1.02 73.40 0.00 0.00
1.02 73.60 0.00 0.00
1.03 73.80 0.00 0.00
1.03 74.00 0.00 0.00
1.03 74.20 0.00 0.00
1.03 74.40 0.00 0.00
1.04 74.60 0.00 0.00
1.04 74.80 0.00 0.00
1.04 75.00 0.00 0.00
1.04 75.20 0.00 0.00
1.05 75.40 0.00 0.00
1.05 75.60 0.00 0.00
1.05 75.80 0.00 0.00
1.06 76.00 0.00 0.00
1.06 76.20 0.00 0.00
1.06 76.40 0.00 0.00
1.06 76.60 0.00 0.00
1.07 76.80 0.00 0.00
1.07 77.00 0.00 0.00
1.07 77.20 0.00 0.00
1.07 77.40 0.00 0.00
1.08 77.60 0.00 0.00
1.08 77.80 0.00 0.00
1.08 78.00 0.00 0.00
1.09 78.20 0.00 0.00
1.09 78.40 0.00 0.00
1.09 78.60 0.00 0.00
1.09 78.80 0.00 0.00
1.10 79.00 0.00 0.00
1.10 79.20 0.00 0.00
1.10 79.40 0.00 0.00
1.11 79.60 0.00 0.00
1.11 79.80 0.00 0.00
1.11 80.00 0.00 0.00
1.11 80.20 0.00 0.00
1.12 80.40 0.00 0.00
1.12 80.60 0.00 0.00
1.12 80.80 0.00 0.00
1.12 81.00 0.00 0.00
1.13 81.20 0.00 0.00
1.13 81.40 0.00 0.00
1.13 81.60 0.00 0.00
1.14 81.80 0.00 0.00
1.14 82.00 0.00 0.00
1.14 82.20 0.00 0.00
1.14 82.40 0.00 0.00
1.15 82.60 0.00 0.00
1.15 82.80 0.00 0.00
1.15 83.00 0.00 0.00
1.16 83.20 0.00 0.00
1.16 83.40 0.00 0.00
1.16 83.60 0.00 0.00
1.16 83.80 0.00 0.00
1.17 84.00 0.00 0.00
1.17 84.20 0.00 0.00
1.17 84.40 0.00 0.00
1.18 84.60 0.00 0.00
1.18 84.80 0.00 0.00
1.18 85.00 0.00 0.00
1.18 85.20 0.00 0.00
1.19 85.40 0.00 0.00
1.19 85.60 0.00 0.00
1.19 85.80 0.00 0.00
1.19 86.00 0.00 0.00
1.20 86.20 0.00 0.00
1.20 86.40 0.00 0.00
1.20 86.60 0.00 0.00
1.21 86.80 0.00 0.00
1.21 87.00 0.00 0.00
1.21 87.20 0.00 0.00
1.21 87.40 0.00 0.00
1.22 87.60 0.00 0.00
1.22 87.80 0.00 0.00
1.22 88.00 0.00 0.00
1.23 88.20 0.00 0.00
1.23 88.40 0.00 0.00
1.23 88.60 0.00 0.00
1.23 88.80 0.00 0.00
1.24 89.00 0.00 0.00
1.24 89.20 0.00 0.00
1.24 89.40 0.00 0.00
1.24 89.60 0.00 0.00
1.25 89.80 0.00 0.00
1.25 90.00 0.00 0.00
1.25 90.20 0.00 0.00
1.26 90.40 0.00 0.00
1.26 90.60 0.00 0.00
1.26 90.80 0.00 0.00
1.26 91.00 0.00 0.00
1.27 91.20 0.00 0.00
1.27 91.40 0.00 0.00
1.27 91.60 0.00 0.00
1.28 91.80 0.00 0.00
1.28 92.00 0.00 0.00
1.28 92.20 0.00 0.00
1.28 92.40 0.00 0.00
1.29 92.60 0.00 0.00
1.29 92.80 0.00 0.00
1.29 93.00 0.00 0.00
1.29 93.20 0.00 0.00
1.30 93.40 0.00 0.00
1.30 93.60 0.00 0.00
1.30 93.80 0.00 0.00
1.31 94.00 0.00 0.00
1.31 94.20 0.00 0.00
1.31 94.40 0.00 0.00
1.31 94.60 0.00 0.00
1.32 94.80 0.00 0.00
1.32 95.00 0.00 0.00
1.32 95.20 0.00 0.00
1.32 95.40 0.00 0.00
1.33 95.60 0.00 0.00
1.33 95.80 0.00 0.00
1.33 96.00 0.00 0.00
1.34 96.20 0.00 0.00
1.34 96.40 0.00 0.00
1.34 96.60 0.00 0.00
1.34 96.80 0.00 0.00
1.35 97.00 0.00 0.00
1.35 97.20 0.00 0.00
1.35 97.40 0.00 0.00
1.36 97.60 0.00 0.00
1.36 97.80 0.00 0.00
1.36 98.00 0.00 0.00
1.36 98.20 0.00 0.00
1.37 98.40 0.00 0.00
1.37 98.60 0.00 0.00
1.37 98.80 0.00 0.00
1.38 99.00 0.00 0.00
1.38 99.20 0.00 0.00
1.38 99.40 0.00 0.00
1.38 99.60 0.00 0.00
1.39 99.80 0.00 0.00
1.39 100.00 0.00 0.00
1.39 100.20 0.00 0.00
1.39 100.40 0.00 0.00
1.40 100.60 0.00 0.00
1.40 100.80 0.00 0.00
1.40 101.00 0.00 0.00
1.41 101.20 0.00 0.00
1.41 101.40 0.00 0.00
1.41 101.60 0.00 0.00
1.41 101.80 0.00 0.00
1.42 102.00 0.00 0.00
1.42 102.20 0.00 0.00
1.42 102.40 0.00 0.00
1.43 102.60 0.00 0.00
1.43 102.80 0.00 0.00
1.43 103.00 0.00 0.00
1.43 103.20 0.00 0.00
1.44 103.40 0.00 0.00
1.44 103.60 0.00 0.00
1.44 103.80 0.00 0.00
1.44 104.00 0.00 0.00
1.45 104.20 0.00 0.00
1.45 104.40 0.00 0.00
1.45 104.60 0.00 0.00
1.46 104.80 0.00 0.00
1.46 105.00 0.00 0.00
1.46 105.20 0.00 0.00
1.46 105.40 0.00 0.00
1.47 105.60 0.00 0.00
1.47 105.80 0.00 0.00
1.47 106.00 0.00 0.00
1.48 106.20 0.00 0.00
1.48 106.40 0.00 0.00
1.48 106.60 0.00 0.00
1.48 106.80 0.00 0.00
1.49 107.00 0.00 0.00
1.49 107.20 0.00 0.00
1.49 107.40 0.00 0.00
1.49 107.60 0.00 0.00
1.50 107.80 0.00 0.00
1.50 108.00 0.00 0.00
1.50 108.20 0.00 0.00
1.51 108.40 0.00 0.00
1.51 108.60 0.00 0.00
1.51 108.80 0.00 0.00
1.51 109.00 0.00 0.00
1.52 109.20 0.00 0.00
1.52 109.40 0.00 0.00
1.52 109.60 0.00 0.00
1.53 109.80 0.00 0.00
1.53 110.00 0.00 0.00
1.53 110.20 0.00 0.00
1.53 110.40 0.00 0.00
1.54 110.60 0.00 0.00
1.54 110.80 0.00 0.00
1.54 111.00 0.00 0.00
1.54 111.20 0.00 0.00
1.55 111.40 0.00 0.00
1.55 111.60 0.00 0.00
1.55 111.80 0.00 0.00
1.56 112.00 0.00 0.00
1.56 112.20 0.00 0.00
1.56 112.40 0.00 0.00
1.56 112.60 0.00 0.00
1.57 112.80 0.00 0.00
1.57 113.00 0.00 0.00
1.57 113.20 0.00 0.00
1.57 113.40 0.00 0.00
1.58 113.60 0.00 0.00
1.58 113.80 0.00 0.00
1.58 114.00 0.00 0.00
1.59 114.20 0.00 0.00
1.59 114.40 0.00 0.00
1.59 114.60 0.00 0.00
1.59 114.80 0.00 0.00
1.60 115.00 0.00 0.00
1.60 115.20 0.00 0.00
1.60 115.40 0.00 0.00
1.61 115.60 0.00 0.00
1.61 115.80 0.00 0.00
1.61 116.00 0.00 0.00
1.61 116.20 0.00 0.00
1.62 116.40 0.00 0.00
1.62 116.60 0.00 0.00
1.62 116.80 0.00 0.00
1.62 117.00 0.00 0.00
1.63 117.20 0.00 0.00
1.63 117.40 0.00 0.00
1.63 117.60 0.00 0.00
1.64 117.80 0.00 0.00
1.64 118.00 0.00 0.00
1.64 118.20 0.00 0.00
1.64 118.40 0.00 0.00
1.65 118.60 0.00 0.00
1.65 118.80 0.00 0.00
1.65 119.00 0.00 0.00
1.66 119.20 0.00 0.00
1.66 119.40 0.00 0.00
1.66 119.60 0.00 0.00
1.66 119.80 0.00 0.00
1.67 120.00 0.00 0.00
1.67 120.20 0.00 0.00
1.67 120.40 0.00 0.00
1.68 120.60 0.00 0.00
1.68 120.80 0.00 0.00
1.68 121.00 0.00 0.00
1.68 121.20 0.00 0.00
1.69 121.40 0.00 0.00
1.69 121.60 0.00 0.00
1.69 121.80 0.00 0.00
1.69 122.00 0.00 0.00
1.70 122.20 0.00 0.00
1.70 122.40 0.00 0.00
1.70 122.60 0.00 0.00
1.71 122.80 0.00 0.00
1.71 123.00 0.00 0.00
1.71 123.20 0.00 0.00
1.71 123.40 0.00 0.00
1.72 123.60 0.00 0.00
1.72 123.80 0.00 0.00
1.72 124.00 0.00 0.00
1.73 124.20 0.00 0.00
1.73 124.40 0.00 0.00
1.73 124.60 0.00 0.00
1.73 124.80 0.00 0.00
1.74 125.00 0.00 0.00
1.74 125.20 0.00 0.00
1.74 125.40 0.00 0.00
1.74 125.60 0.00 0.00
1.75 125.80 0.00 0.00
1.75 126.00 0.00 0.00
1.75 126.20 0.00 0.00
1.76 126.40 0.00 0.00
1.76 126.60 0.00 0.00
1.76 126.80 0.00 0.00
1.76 127.00 0.00 0.00
1.77 127.20 0.00 0.00
1.77 127.40 0.00 0.00
1.77 127.60 0.00 0.00
1.78 127.80 0.00 0.00
1.78 128.00 0.00 0.00
1.78 128.20 0.00 0.00
1.78 128.40 0.00 0.00
1.79 128.60 0.00 0.00
1.79 128.80 0.00 0.00
1.79 129.00 0.00 0.00
1.79 129.20 0.00 0.00
1.80 129.40 0.00 0.00
1.80 129.60 0.00 0.00
1.80 129.80 0.00 0.00
1.81 130.00 0.00 0.00
1.81 130.20 0.00 0.00
1.81 130.40 0.00 0.00
1.81 130.60 0.00 0.00
1.82 130.80 0.00 0.00
1.82 131.00 0.00 0.00
1.82 131.20 0.00 0.00
1.83 131.40 0.00 0.00
1.83 131.60 0.00 0.00
1.83 131.80 0.00 0.00
1.83 132.00 0.00 0.00
1.84 132.20 0.00 0.00
1.84 132.40 0.00 0.00
1.84 132.60 0.00 0.00
1.84 132.80 0.00 0.00
1.85 133.00 0.00 0.00
1.85 133.20 0.00 0.00
1.85 133.40 0.00 0.00
1.86 133.60 0.00 0.00
1.86 133.80 0.00 0.00
1.86 134.00 0.00 0.00
1.86 134.20 0.00 0.00
1.87 134.40 0.00 0.00
1.87 134.60 0.00 0.00
1.87 134.80 0.00 0.00
1.88 135.00 0.00 0.00
1.88 135.20 0.00 0.00
1.88 135.40 0.00 0.00
1.88 135.60 0.00 0.00
1.89 135.80 0.00 0.00
1.89 136.00 0.00 0.00
1.89 136.20 0.00 0.00
1.89 136.40 0.00 0.00
1.90 136.60 0.00 0.00
1.90 136.80 0.00 0.00
1.90 137.00 0.00 0.00
1.91 137.20 0.00 0.00
1.91 137.40 0.00 0.00
1.91 137.60 0.00 0.00
1.91 137.80 0.00 0.00
1.92 138.00 0.00 0.00
1.92 138.20 0.00 0.00
1.92 138.40 0.00 0.00
1.93 138.60 0.00 0.00
1.93 138.80 0.00 0.00
1.93 139.00 0.00 0.00
1.93 139.20 0.00 0.00
1.94 139.40 0.00 0.00
1.94 139.60 0.00 0.00
1.94 139.80 0.00 0.00
1.94 140.00 0.00 0.00
1.95 140.20 0.00 0.00
1.95 140.40 0.00 0.00
1.95 140.60 0.00 0.00
1.96 140.80 0.00 0.00
1.96 141.00 0.00 0.00
1.96 141.20 0.00 0.00
1.96 141.40 0.00 0.00
1.97 141.60 0.00 0.00
1.97 141.80 0.00 0.00
1.97 142.00 0.00 0.00
1.98 142.20 0.00 0.00
1.98 142.40 0.00 0.00
1.98 142.60 0.00 0.00
1.98 142.80 0.00 0.00
1.99 143.00 0.00 0.00
1.99 143.20 0.00 0.00
1.99 143.40 0.00 0.00
1.99 143.60 0.00 0.00
2.00 143.80 0.00 0.00
2.00 144.00 0.00 0.00
2.00 144.20 0.00 0.00
2.01 144.40 0.00 0.00
2.01 144.60 0.00 0.00
2.01 144.80 0.00 0.00
2.01 145.00 0.00 0.00
2.02 145.20 0.00 0.00
2.02 145.40 0.00 0.00
2.02 145.60 0.00 0.00
2.02 145.80 0.00 0.00
2.03 146.00 0.00 0.00
2.03 146.20 0.00 0.00
2.03 146.40 0.00 0.00
2.04 146.60 0.00 0.00
2.04 146.80 0.00 0.00
2.04 147.00 0.00 0.00
2.04 147.20 0.00 0.00
2.05 147.40 0.00 0.00
2.05 147.60 0.00 0.00
2.05 147.80 0.00 0.00
2.06 148.00 0.00 0.00
2.06 148.20 0.00 0.00
2.06 148.40 0.00 0.00
2.06 148.60 0.00 0.00
2.07 148.80 0.00 0.00
2.07 149.00 0.00 0.00
2.07 149.20 0.00 0.00
2.08 149.40 0.00 0.00
2.08 149.60 0.00 0.00
2.08 149.80 0.00 0.00
2.08 150.00 0.00 0.00
2.09 150.20 0.00 0.00
2.09 150.40 0.00 0.00
2.09 150.60 0.00 0.00
2.09 150.80 0.00 0.00
2.10 151.00 0.00 0.00
2.10 151.20 0.00 0.00
2.10 151.40 0.00 0.00
2.11 151.60 0.00 0.00
2.11 151.80 0.00 0.00
2.11 152.00 0.00 0.00
2.11 152.20 0.00 0.00
2.12 152.40 0.00 0.00
2.12 152.60 0.00 0.00
2.12 152.80 0.00 0.00
2.12 153.00 0.00 0.00
2.13 153.20 0.00 0.00
2.13 153.40 0.00 0.00
2.13 153.60 0.00 0.00
2.14 153.80 0.00 0.00
2.14 154.00 0.00 0.00
2.14 154.20 0.00 0.00
2.14 154.40 0.00 0.00
2.15 154.60 0.00 0.00
2.15 154.80 0.00 0.00
2.15 155.00 0.00 0.00
2.16 155.20 0.00 0.00
2.16 155.40 0.00 0.00
2.16 155.60 0.00 0.00
2.16 155.80 0.00 0.00
2.17 156.00 0.00 0.00
2.17 156.20 0.00 0.00
2.17 156.40 0.00 0.00
2.18 156.60 0.00 0.00
2.18 156.80 0.00 0.00
2.18 157.00 0.00 0.00
2.18 157.20 0.00 0.00
2.19 157.40 0.00 0.00
2.19 157.60 0.00 0.00
2.19 157.80 0.00 0.00
2.19 158.00 0.00 0.00
2.20 158.20 0.00 0.00
2.20 158.40 0.00 0.00
2.20 158.60 0.00 0.00
2.21 158.80 0.00 0.00
2.21 159.00 0.00 0.00
2.21 159.20 0.00 0.00
2.21 159.40 0.00 0.00
2.22 159.60 0.00 0.00
2.22 159.80 0.00 0.00
2.22 160.00 0.00 0.00
2.23 160.20 0.00 0.00
2.23 160.40 0.00 0.00
2.23 160.60 0.00 0.00
2.23 160.80 0.00 0.00
2.24 161.00 0.00 0.00
2.24 161.20 0.00 0.00
2.24 161.40 0.00 0.00
2.24 161.60 0.00 0.00
2.25 161.80 0.00 0.00
2.25 162.00 0.00 0.00
2.25 162.20 0.00 0.00
2.26 162.40 0.00 0.00
2.26 162.60 0.00 0.00
2.26 162.80 0.00 0.00
2.26 163.00 0.00 0.00
2.27 163.20 0.00 0.00
2.27 163.40 0.00 0.00
2.27 163.60 0.00 0.00
2.27 163.80 0.00 0.00
2.28 164.00 0.00 0.00
2.28 164.20 0.00 0.00
2.28 164.40 0.00 0.00
2.29 164.60 0.00 0.00
2.29 164.80 0.00 0.00
2.29 165.00 0.00 0.00
2.29 165.20 0.00 0.00
2.30 165.40 0.00 0.00
2.30 165.60 0.00 0.00
2.30 165.80 0.00 0.00
2.31 166.00 0.00 0.00
2.31 166.20 0.00 0.00
2.31 166.40 0.00 0.00
2.31 166.60 0.00 0.00
2.32 166.80 0.00 0.00
2.32 167.00 0.00 0.00
2.32 167.20 0.00 0.00
2.33 167.40 0.00 0.00
2.33 167.60 0.00 0.00
2.33 167.80 0.00 0.00
2.33 168.00 0.00 0.00
2.34 168.20 0.00 0.00
2.34 168.40 0.00 0.00
2.34 168.60 0.00 0.00
2.34 168.80 0.00 0.00
2.35 169.00 0.00 0.00
2.35 169.20 0.00 0.00
2.35 169.40 0.00 0.00
2.36 169.60 0.00 0.00
2.36 169.80 0.00 0.00
2.36 170.00 0.00 0.00
2.36 170.20 0.00 0.00
2.37 170.40 0.00 0.00
2.37 170.60 0.00 0.00
2.37 170.80 0.00 0.00
2.38 171.00 0.00 0.00
2.38 171.20 0.00 0.00
2.38 171.40 0.00 0.00
2.38 171.60 0.00 0.00
2.39 171.80 0.00 0.00
2.39 172.00 0.00 0.00
2.39 172.20 0.00 0.00
2.39 172.40 0.00 0.00
2.40 172.60 0.00 0.00
2.40 172.80 0.00 0.00
2.40 173.00 0.00 0.00
2.41 173.20 0.00 0.00
2.41 173.40 0.00 0.00
2.41 173.60 0.00 0.00
2.41 173.80 0.00 0.00
2.42 174.00 0.00 0.00
2.42 174.20 0.00 0.00
2.42 174.40 0.00 0.00
2.43 174.60 0.00 0.00
2.43 174.80 0.00 0.00
2.43 175.00 0.00 0.00
2.43 175.20 0.00 0.00
2.44 175.40 0.00 0.00
2.44 175.60 0.00 0.00
2.44 175.80 0.00 0.00
2.44 176.00 0.00 0.00
2.45 176.20 0.00 0.00
2.45 176.40 0.00 0.00
2.45 176.60 0.00 0.00
2.46 176.80 0.00 0.00
2.46 177.00 0.00 0.00
2.46 177.20 0.00 0.00
2.46 177.40 0.00 0.00
2.47 177.60 0.00 0.00
2.47 177.80 0.00 0.00
2.47 178.00 0.00 0.00
2.48 178.20 0.00 0.00
2.48 178.40 0.00 0.00
2.48 178.60 0.00 0.00
2.48 178.80 0.00 0.00
2.49 179.00 0.00 0.00
2.49 179.20 0.00 0.00
2.49 179.40 0.00 0.00
2.49 179.60 0.00 0.00
2.50 179.80 0.00 0.00
2.50 180.00 0.00 0.00
2.50 180.20 0.00 0.00
2.51 180.40 0.00 0.00
2.51 180.60 0.00 0.00
2.51 180.80 0.00 0.00
2.51 181.00 0.00 0.00
2.52 181.20 0.00 0.00
2.52 181.40 0.00 0.00
2.52 181.60 0.00 0.00
2.52 181.80 0.00 0.00
2.53 182.00 0.00 0.00
2.53 182.20 0.00 0.00
2.53 182.40 0.00 0.00
2.54 182.60 0.00 0.00
2.54 182.80 0.00 0.00
2.54 183.00 0.00 0.00
2.54 183.20 0.00 0.00
2.55 183.40 0.00 0.00
2.55 183.60 0.00 0.00
2.55 183.80 0.00 0.00
2.56 184.00 0.00 0.00
2.56 184.20 0.00 0.00
2.56 184.40 0.00 0.00
2.56 184.60 0.00 0.00
2.57 184.80 0.00 0.00
2.57 185.00 0.00 0.00
2.57 185.20 0.00 0.00
2.58 185.40 0.00 0.00
2.58 185.60 0.00 0.00
2.58 185.80 0.00 0.00
2.58 186.00 0.00 0.00
2.59 186.20 0.00 0.00
2.59 186.40 0.00 0.00
2.59 186.60 0.00 0.00
2.59 186.80 0.00 0.00
2.60 187.00 0.00 0.00
2.60 187.20 0.00 0.00
2.60 187.40 0.00 0.00
2.61 187.60 0.00 0.00
2.61 187.80 0.00 0.00
2.61 188.00 0.00 0.00
2.61 188.20 0.00 0.00
2.62 188.40 0.00 0.00
2.62 188.60 0.00 0.00
2.62 188.80 0.00 0.00
2.62 189.00 0.00 0.00
2.63 189.20 0.00 0.00
2.63 189.40 0.00 0.00
2.63 189.60 0.00 0.00
2.64 189.80 0.00 0.00
2.64 190.00 0.00 0.00
2.64 190.20 0.00 0.00
2.64 190.40 0.00 0.00
2.65 190.60 0.00 0.00
2.65 190.80 0.00 0.00
2.65 191.00 0.00 0.00
2.66 191.20 0.00 0.00
2.66 191.40 0.00 0.00
2.66 191.60 0.00 0.00
2.66 191.80 0.00 0.00
2.67 192.00 0.00 0.00
2.67 192.20 0.00 0.00
2.67 192.40 0.00 0.00
2.68 192.60 0.00 0.00
2.68 192.80 0.00 0.00
2.68 193.00 0.00 0.00
2.68 193.20 0.00 0.00
2.69 193.40 0.00 0.00
2.69 193.60 0.00 0.00
2.69 193.80 0.00 0.00
2.69 194.00 0.00 0.00
2.70 194.20 0.00 0.00
2.70 194.40 0.00 0.00
2.70 194.60 0.00 0.00
2.71 194.80 0.00 0.00
2.71 195.00 0.00 0.00
2.71 195.20 0.00 0.00
2.71 195.40 0.00 0.00
2.72 195.60 0.00 0.00
2.72 195.80 0.00 0.00
2.72 196.00 0.00 0.00
2.73 196.20 0.00 0.00
2.73 196.40 0.00 0.00
2.73 196.60 0.00 0.00
2.73 196.80 0.00 0.00
2.74 197.00 0.00 0.00
2.74 197.20 0.00 0.00
2.74 197.40 0.00 0.00
2.74 197.60 0.00 0.00
2.75 197.80 0.00 0.00
2.75 198.00 0.00 0.00
2.75 198.20 0.00 0.00
2.76 198.40 0.00 0.00
2.76 198.60 0.00 0.00
2.76 198.80 0.00 0.00
2.76 199.00 0.00 0.00
2.77 199.20 0.00 0.00
2.77 199.40 0.00 0.00
2.77 199.60 0.00 0.00
2.77 199.80 0.00 0.00
2.78 200.00 0.00 0.00
2.78 200.20 0.00 0.00
2.78 200.40 0.00 0.00
2.79 200.60 0.00 0.00
2.79 200.80 0.00 0.00
2.79 201.00 0.00 0.00
2.79 201.20 0.00 0.00
2.80 201.40 0.00 0.00
2.80 201.60 0.00 0.00
2.80 201.80 0.00 0.00
2.81 202.00 0.00 0.00
2.81 202.20 0.00 0.00
2.81 202.40 0.00 0.00
2.81 202.60 0.00 0.00
2.82 202.80 0.00 0.00
2.82 203.00 0.00 0.00
2.82 203.20 0.00 0.00
2.83 203.40 0.00 0.00
2.83 203.60 0.00 0.00
2.83 203.80 0.00 0.00
2.83 204.00 0.00 0.00
2.84 204.20 0.00 0.00
2.84 204.40 0.00 0.00
2.84 204.60 0.00 0.00
2.84 204.80 0.00 0.00
2.85 205.00 0.00 0.00
2.85 205.20 0.00 0.00
2.85 205.40 0.00 0.00
2.86 205.60 0.00 0.00
2.86 205.80 0.00 0.00
2.86 206.00 0.00 0.00
2.86 206.20 0.00 0.00
2.87 206.40 0.00 0.00
2.87 206.60 0.00 0.00
2.87 206.80 0.00 0.00
2.88 207.00 0.00 0.00
2.88 207.20 0.00 0.00
2.88 207.40 0.00 0.00
2.88 207.60 0.00 0.00
2.89 207.80 0.00 0.00
2.89 208.00 0.00 0.00
2.89 208.20 0.00 0.00
2.89 208.40 0.00 0.00
2.90 208.60 0.00 0.00
2.90 208.80 0.00 0.00
2.90 209.00 0.00 0.00
2.91 209.20 0.00 0.00
2.91 209.40 0.00 0.00
2.91 209.60 0.00 0.00
2.91 209.80 0.00 0.00
2.92 210.00 0.00 0.00
2.92 210.20 0.00 0.00
2.92 210.40 0.00 0.00
2.93 210.60 0.00 0.00
2.93 210.80 0.00 0.00
2.93 211.00 0.00 0.00
2.93 211.20 0.00 0.00
2.94 211.40 0.00 0.00
2.94 211.60 0.00 0.00
2.94 211.80 0.00 0.00
2.94 212.00 0.00 0.00
2.95 212.20 0.00 0.00
2.95 212.40 0.00 0.00
2.95 212.60 0.00 0.00
2.96 212.80 0.00 0.00
2.96 213.00 0.00 0.00
2.96 213.20 0.00 0.00
2.96 213.40 0.00 0.00
2.97 213.60 0.00 0.00
2.97 213.80 0.00 0.00
2.97 214.00 0.00 0.00
2.98 214.20 0.00 0.00
2.98 214.40 0.00 0.00
2.98 214.60 0.00 0.00
2.98 214.80 0.00 0.00
2.99 215.00 0.00 0.00
2.99 215.20 0.00 0.00
2.99 215.40 0.00 0.00
2.99 215.60 0.00 0.00
3.00 215.80 0.00 0.00
3.00 216.00 0.00 0.00
3.00 216.20 0.00 0.00
3.01 216.40 0.00 0.00
3.01 216.60 0.00 0.00
3.01 216.80 0.00 0.00
3.01 217.00 0.00 0.00
3.02 217.20 0.00 0.00
3.02 217.40 0.00 0.00
3.02 217.60 0.00 0.00
3.02 217.80 0.00 0.00
3.03 218.00 0.00 0.00
3.03 218.20 0.00 0.00
3.03 218.40 0.00 0.00
3.04 218.60 0.00 0.00
3.04 218.80 0.00 0.00
3.04 219.00 0.00 0.00
3.04 219.20 0.00 0.00
3.05 219.40 0.00 0.00
3.05 219.60 0.00 0.00
3.05 219.80 0.00 0.00
3.06 220.00 0.00 0.00
3.06 220.20 0.00 0.00
3.06 220.40 0.00 0.00
3.06 220.60 0.00 0.00
3.07 220.80 0.00 0.00
3.07 221.00 0.00 0.00
3.07 221.20 0.00 0.00
3.08 221.40 0.00 0.00
3.08 221.60 0.00 0.00
3.08 221.80 0.00 0.00
3.08 222.00 0.00 0.00
3.09 222.20 0.00 0.00
3.09 222.40 0.00 0.00
3.09 222.60 0.00 0.00
3.09 222.80 0.00 0.00
3.10 223.00 0.00 0.00
3.10 223.20 0.00 0.00
3.10 223.40 0.00 0.00
3.11 223.60 0.00 0.00
3.11 223.80 0.00 0.00
3.11 224.00 0.00 0.00
3.11 224.20 0.00 0.00
3.12 224.40 0.00 0.00
3.12 224.60 0.00 0.00
3.12 224.80 0.00 0.00
3.12 225.00 0.00 0.00
3.13 225.20 0.00 0.00
3.13 225.40 0.00 0.00
3.13 225.60 0.00 0.00
3.14 225.80 0.00 0.00
3.14 226.00 0.00 0.00
3.14 226.20 0.00 0.00
3.14 226.40 0.00 0.00
3.15 226.60 0.00 0.00
3.15 226.80 0.00 0.00
3.15 227.00 0.00 0.00
3.16 227.20 0.00 0.00
3.16 227.40 0.00 0.00
3.16 227.60 0.00 0.00
3.16 227.80 0.00 0.00
3.17 228.00 0.00 0.00
3.17 228.20 0.00 0.00
3.17 228.40 0.00 0.00
3.18 228.60 0.00 0.00
3.18 228.80 0.00 0.00
3.18 229.00 0.00 0.00
3.18 229.20 0.00 0.00
3.19 229.40 0.00 0.00
3.19 229.60 0.00 0.00
3.19 229.80 0.00 0.00
3.19 230.00 0.00 0.00
3.20 230.20 0.00 0.00
3.20 230.40 0.00 0.00
3.20 230.60 0.00 0.00
3.21 230.80 0.00 0.00
3.21 231.00 0.00 0.00
3.21 231.20 0.00 0.00
3.21 231.40 0.00 0.00
3.22 231.60 0.00 0.00
3.22 231.80 0.00 0.00
3.22 232.00 0.00 0.00
3.23 232.20 0.00 0.00
3.23 232.40 0.00 0.00
3.23 232.60 0.00 0.00
3.23 232.80 0.00 0.00
3.24 233.00 0.00 0.00
3.24 233.20 0.00 0.00
3.24 233.40 0.00 0.00
3.24 233.60 0.00 0.00
3.25 233.80 0.00 0.00
3.25 234.00 0.00 0.00
3.25 234.20 0.00 0.00
3.26 234.40 0.00 0.00
3.26 234.60 0.00 0.00
3.26 234.80 0.00 0.00
3.26 235.00 0.00 0.00
3.27 235.20 0.00 0.00
3.27 235.40 0.00 0.00
3.27 235.60 0.00 0.00
3.27 235.80 0.00 0.00
3.28 236.00 0.00 0.00
3.28 236.20 0.00 0.00
3.28 236.40 0.00 0.00
3.29 236.60 0.00 0.00
3.29 236.80 0.00 0.00
3.29 237.00 0.00 0.00
3.29 237.20 0.00 0.00
3.30 237.40 0.00 0.00
3.30 237.60 0.00 0.00
3.30 237.80 0.00 0.00
3.31 238.00 0.00 0.00
3.31 238.20 0.00 0.00
3.31 238.40 0.00 0.00
3.31 238.60 0.00 0.00
3.32 238.80 0.00 0.00
3.32 239.00 0.00 0.00
3.32 239.20 0.00 0.00
3.33 239.40 0.00 0.00
3.33 239.60 0.00 0.00
3.33 239.80 0.00 0.00
3.33 240.00 0.00 0.00
3.34 240.20 0.00 0.00
3.34 240.40 0.00 0.00
3.34 240.60 0.00 0.00
3.34 240.80 0.00 0.00
3.35 241.00 0.00 0.00
3.35 241.20 0.00 0.00
3.35 241.40 0.00 0.00
3.36 241.60 0.00 0.00
3.36 241.80 0.00 0.00
3.36 242.00 0.00 0.00
3.36 242.20 0.00 0.00
3.37 242.40 0.00 0.00
3.37 242.60 0.00 0.00
3.37 242.80 0.00 0.00
3.38 243.00 0.00 0.00
3.38 243.20 0.00 0.00
3.38 243.40 0.00 0.00
3.38 243.60 0.00 0.00
3.39 243.80 0.00 0.00
3.39 244.00 0.00 0.00
3.39 244.20 0.00 0.00
3.39 244.40 0.00 0.00
3.40 244.60 0.00 0.00
3.40 244.80 0.00 0.00
3.40 245.00 0.00 0.00
3.41 245.20 0.00 0.00
3.41 245.40 0.00 0.00
3.41 245.60 0.00 0.00
3.41 245.80 0.00 0.00
3.42 246.00 0.00 0.00
3.42 246.20 0.00 0.00
3.42 246.40 0.00 0.00
3.43 246.60 0.00 0.00
3.43 246.80 0.00 0.00
3.43 247.00 0.00 0.00
3.43 247.20 0.00 0.00
3.44 247.40 0.00 0.00
3.44 247.60 0.00 0.00
3.44 247.80 0.00 0.00
3.44 248.00 0.00 0.00
3.45 248.20 0.00 0.00
3.45 248.40 0.00 0.00
3.45 248.60 0.00 0.00
3.46 248.80 0.00 0.00
3.46 249.00 0.00 0.00
3.46 249.20 0.00 0.00
3.46 249.40 0.00 0.00
3.47 249.60 0.00 0.00
3.47 249.80 0.00 0.00
3.47 250.00 0.00 0.00
3.48 250.20 0.00 0.00
3.48 250.40 0.00 0.00
3.48 250.60 0.00 0.00
3.48 250.80 0.00 0.00
3.49 251.00 0.00 0.00
3.49 251.20 0.00 0.00
3.49 251.40 0.00 0.00
3.49 251.60 0.00 0.00
3.50 251.80 0.00 0.00
3.50 252.00 0.00 0.00
3.50 252.20 0.00 0.00
3.51 252.40 0.00 0.00
3.51 252.60 0.00 0.00
3.51 252.80 0.00 0.00
3.51 253.00 0.00 0.00
3.52 253.20 0.00 0.00
3.52 253.40 0.00 0.00
3.52 253.60 0.00 0.00
3.53 253.80 0.00 0.00
3.53 254.00 0.00 0.00
3.53 254.20 0.00 0.00
3.53 254.40 0.00 0.00
3.54 254.60 0.00 0.00
3.54 254.80 0.00 0.00
3.54 255.00 0.00 0.00
3.54 255.20 0.00 0.00
3.55 255.40 0.00 0.00
3.55 255.60 0.00 0.00
3.55 255.80 0.00 0.00
3.56 256.00 0.00 0.00
3.56 256.20 0.00 0.00
3.56 256.40 0.00 0.00
3.56 256.60 0.00 0.00
3.57 256.80 0.00 0.00
3.57 257.00 0.00 0.00
3.57 257.20 0.00 0.00
3.58 257.40 0.00 0.00
3.58 257.60 0.00 0.00
3.58 257.80 0.00 0.00
3.58 258.00 0.00 0.00
3.59 258.20 0.00 0.00
3.59 258.40 0.00 0.00
3.59 258.60 0.00 0.00
3.59 258.80 0.00 0.00
3.60 259.00 0.00 0.00
3.60 259.20 0.00 0.00
3.60 259.40 0.00 0.00
3.61 259.60 0.00 0.00
3.61 259.80 0.00 0.00
3.61 260.00 0.00 0.00
3.61 260.20 0.00 0.00
3.62 260.40 0.00 0.00
3.62 260.60 0.00 0.00
3.62 260.80 0.00 0.00
3.62 261.00 0.00 0.00
3.63 261.20 0.00 0.00
3.63 261.40 0.00 0.00
3.63 261.60 0.00 0.00
3.64 261.80 0.00 0.00
3.64 262.00 0.00 0.00
3.64 262.20 0.00 0.00
3.64 262.40 0.00 0.00
3.65 262.60 0.00 0.00
3.65 262.80 0.00 0.00
3.65 263.00 0.00 0.00
3.66 263.20 0.00 0.00
3.66 263.40 0.00 0.00
3.66 263.60 0.00 0.00
3.66 263.80 0.00 0.00
3.67 264.00 0.00 0.00
3.67 264.20 0.00 0.00
3.67 264.40 0.00 0.00
3.68 264.60 0.00 0.00
3.68 264.80 0.00 0.00
3.68 265.00 0.00 0.00
3.68 265.20 0.00 0.00
3.69 265.40 0.00 0.00
3.69 265.60 0.00 0.00
3.69 265.80 0.00 0.00
3.69 266.00 0.00 0.00
3.70 266.20 0.00 0.00
3.70 266.40 0.00 0.00
3.70 266.60 0.00 0.00
3.71 266.80 0.00 0.00
3.71 267.00 0.00 0.00
3.71 267.20 0.00 0.00
3.71 267.40 0.00 0.00
3.72 267.60 0.00 0.00
3.72 267.80 0.00 0.00
3.72 268.00 0.00 0.00
3.73 268.20 0.00 0.00
3.73 268.40 0.00 0.00
3.73 268.60 0.00 0.00
3.73 268.80 0.00 0.00
3.74 269.00 0.00 0.00
3.74 269.20 0.00 0.00
3.74 269.40 0.00 0.00
3.74 269.60 0.00 0.00
3.75 269.80 0.00 0.00
3.75 270.00 0.00 0.00
3.75 270.20 0.00 0.00
3.76 270.40 0.00 0.00
3.76 270.60 0.00 0.00
3.76 270.80 0.00 0.00
3.76 271.00 0.00 0.00
3.77 271.20 0.00 0.00
3.77 271.40 0.00 0.00
3.77 271.60 0.00 0.00
3.78 271.80 0.00 0.00
3.78 272.00 0.00 0.00
3.78 272.20 0.00 0.00
3.78 272.40 0.00 0.00
3.79 272.60 0.00 0.00
3.79 272.80 0.00 0.00
3.79 273.00 0.00 0.00
3.79 273.20 0.00 0.00
3.80 273.40 0.00 0.00
3.80 273.60 0.00 0.00
3.80 273.80 0.00 0.00
3.81 274.00 0.00 0.00
3.81 274.20 0.00 0.00
3.81 274.40 0.00 0.00
3.81 274.60 0.00 0.00
3.82 274.80 0.00 0.00
3.82 275.00 0.00 0.00
3.82 275.20 0.00 0.00
3.83 275.40 0.00 0.00
3.83 275.60 0.00 0.00
3.83 275.80 0.00 0.00
3.83 276.00 0.00 0.00
3.84 276.20 0.00 0.00
3.84 276.40 0.00 0.00
3.84 276.60 0.00 0.00
3.84 276.80 0.00 0.00
3.85 277.00 0.00 0.00
3.85 277.20 0.00 0.00
3.85 277.40 0.00 0.00
3.86 277.60 0.00 0.00
3.86 277.80 0.00 0.00
3.86 278.00 0.00 0.00
3.86 278.20 0.00 0.00
3.87 278.40 0.00 0.00
3.87 278.60 0.00 0.00
3.87 278.80 0.00 0.00
3.88 279.00 0.00 0.00
3.88 279.20 0.00 0.00
3.88 279.40 0.00 0.00
3.88 279.60 0.00 0.00
3.89 279.80 0.00 0.00
3.89 280.00 0.00 0.00
3.89 280.20 0.00 0.00
3.89 280.40 0.00 0.00
3.90 280.60 0.00 0.00
3.90 280.80 0.00 0.00
3.90 281.00 0.00 0.00
3.91 281.20 0.00 0.00
3.91 281.40 0.00 0.00
3.91 281.60 0.00 0.00
3.91 281.80 0.00 0.00
3.92 282.00 0.00 0.00
3.92 282.20 0.00 0.00
3.92 282.40 0.00 0.00
3.93 282.60 0.00 0.00
3.93 282.80 0.00 0.00
3.93 283.00 0.00 0.00
3.93 283.20 0.00 0.00
3.94 283.40 0.00 0.00
3.94 283.60 0.00 0.00
3.94 283.80 0.00 0.00
3.94 284.00 0.00 0.00
3.95 284.20 0.00 0.00
3.95 284.40 0.00 0.00
3.95 284.60 0.00 0.00
3.96 284.80 0.00 0.00
3.96 285.00 0.00 0.00
3.96 285.20 0.00 0.00
3.96 285.40 0.00 0.00
3.97 285.60 0.00 0.00
3.97 285.80 0.00 0.00
3.97 286.00 0.00 0.00
3.98 286.20 0.00 0.00
3.98 286.40 0.00 0.00
3.98 286.60 0.00 0.00
3.98 286.80 0.00 0.00
3.99 287.00 0.00 0.00
3.99 287.20 0.00 0.00
3.99 287.40 0.00 0.00
3.99 287.60 0.00 0.00
4.00 287.80 0.00 0.00
4.00 288.00 0.00 0.00
4.00 288.20 0.00 0.00
4.01 288.40 0.00 0.00
4.01 288.60 0.00 0.00
4.01 288.80 0.00 0.00
4.01 289.00 0.00 0.00
4.02 289.20 0.00 0.00
4.02 289.40 0.00 0.00
4.02 289.60 0.00 0.00
4.03 289.80 0.00 0.00
4.03 290.00 0.00 0.00
4.03 290.20 0.00 0.00
4.03 290.40 0.00 0.00
4.04 290.60 0.00 0.00
4.04 290.80 0.00 0.00
4.04 291.00 0.00 0.00
4.04 291.20 0.00 0.00
4.05 291.40 0.00 0.00
4.05 291.60 0.00 0.00
4.05 291.80 0.00 0.00
4.06 292.00 0.00 0.00
4.06 292.20 0.00 0.00
4.06 292.40 0.00 0.00
4.06 292.60 0.00 0.00
4.07 292.80 0.00 0.00
4.07 293.00 0.00 0.00
4.07 293.20 0.00 0.00
4.08 293.40 0.00 0.00
4.08 293.60 0.00 0.00
4.08 293.80 0.00 0.00
4.08 294.00 0.00 0.00
4.09 294.20 0.00 0.00
4.09 294.40 0.00 0.00
4.09 294.60 0.00 0.00
4.09 294.80 0.00 0.00
4.10 295.00 0.00 0.00
4.10 295.20 0.00 0.00
4.10 295.40 0.00 0.00
4.11 295.60 0.00 0.00
4.11 295.80 0.00 0.00
4.11 296.00 0.00 0.00
4.11 296.20 0.00 0.00
4.12 296.40 0.00 0.00
4.12 296.60 0.00 0.00
4.12 296.80 0.00 0.00
4.12 297.00 0.00 0.00
4.13 297.20 0.00 0.00
4.13 297.40 0.00 0.00
4.13 297.60 0.00 0.00
4.14 297.80 0.00 0.00
4.14 298.00 0.00 0.00
4.14 298.20 0.00 0.00
4.14 298.40 0.00 0.00
4.15 298.60 0.00 0.00
4.15 298.80 0.00 0.00
4.15 299.00 0.00 0.00
4.16 299.20 0.00 0.00
4.16 299.40 0.00 0.00
4.16 299.60 0.00 0.00
4.16 299.80 0.00 0.00
4.17 300.00 0.00 0.00
4.17 300.20 0.00 0.00
4.17 300.40 0.00 0.00
4.17 300.60 0.00 0.00
4.18 300.80 0.00 0.00
4.18 301.00 0.00 0.00
4.18 301.20 0.00 0.00
4.19 301.40 0.00 0.00
4.19 301.60 0.00 0.00
4.19 301.80 0.00 0.00
4.19 302.00 0.00 0.00
4.20 302.20 0.00 0.00
4.20 302.40 0.00 0.00
4.20 302.60 0.00 0.00
4.21 302.80 0.00 0.00
4.21 303.00 0.00 0.00
4.21 303.20 0.00 0.00
4.21 303.40 0.00 0.00
4.22 303.60 0.00 0.00
4.22 303.80 0.00 0.00
4.22 304.00 0.00 0.00
4.23 304.20 0.00 0.00
4.23 304.40 0.00 0.00
4.23 304.60 0.00 0.00
4.23 304.80 0.00 0.00
4.24 305.00 0.00 0.00
4.24 305.20 0.00 0.00
4.24 305.40 0.00 0.00
4.24 305.60 0.00 0.00
4.25 305.80 0.00 0.00
4.25 306.00 0.00 0.00
4.25 306.20 0.00 0.00
4.26 306.40 0.00 0.00
4.26 306.60 0.00 0.00
4.26 306.80 0.00 0.00
4.26 307.00 0.00 0.00
4.27 307.20 0.00 0.00
4.27 307.40 0.00 0.00
4.27 307.60 0.00 0.00
4.28 307.80 0.00 0.00
4.28 308.00 0.00 0.00
4.28 308.20 0.00 0.00
4.28 308.40 0.00 0.00
4.29 308.60 0.00 0.00
4.29 308.80 0.00 0.00
4.29 309.00 0.00 0.00
4.29 309.20 0.00 0.00
4.30 309.40 0.00 0.00
4.30 309.60 0.00 0.00
4.30 309.80 0.00 0.00
4.31 310.00 0.00 0.00
4.31 310.20 0.00 0.00
4.31 310.40 0.00 0.00
4.31 310.60 0.00 0.00
4.32 310.80 0.00 0.00
4.32 311.00 0.00 0.00
4.32 311.20 0.00 0.00
4.33 311.40 0.00 0.00
4.33 311.60 0.00 0.00
4.33 311.80 0.00 0.00
4.33 312.00 0.00 0.00
4.34 312.20 0.00 0.00
4.34 312.40 0.00 0.00
4.34 312.60 0.00 0.00
4.34 312.80 0.00 0.00
4.35 313.00 0.00 0.00
4.35 313.20 0.00 0.00
4.35 313.40 0.00 0.00
4.36 313.60 0.00 0.00
4.36 313.80 0.00 0.00
4.36 314.00 0.00 0.00
4.36 314.20 0.00 0.00
4.37 314.40 0.00 0.00
4.37 314.60 0.00 0.00
4.37 314.80 0.00 0.00
4.38 315.00 0.00 0.00
4.38 315.20 0.00 0.00
4.38 315.40 0.00 0.00
4.38 315.60 0.00 0.00
4.39 315.80 0.00 0.00
4.39 316.00 0.00 0.00
4.39 316.20 0.00 0.00
4.39 316.40 0.00 0.00
4.40 316.60 0.00 0.00
4.40 316.80 0.00 0.00
4.40 317.00 0.00 0.00
4.41 317.20 0.00 0.00
4.41 317.40 0.00 0.00
4.41 317.60 0.00 0.00
4.41 317.80 0.00 0.00
4.42 318.00 0.00 0.00
4.42 318.20 0.00 0.00
4.42 318.40 0.00 0.00
4.42 318.60 0.00 0.00
4.43 318.80 0.00 0.00
4.43 319.00 0.00 0.00
4.43 319.20 0.00 0.00
4.44 319.40 0.00 0.00
4.44 319.60 0.00 0.00
4.44 319.80 0.00 0.00
4.44 320.00 0.00 0.00
4.45 320.20 0.00 0.00
4.45 320.40 0.00 0.00
4.45 320.60 0.00 0.00
4.46 320.80 0.00 0.00
4.46 321.00 0.00 0.00
4.46 321.20 0.00 0.00
4.46 321.40 0.00 0.00
4.47 321.60 0.00 0.00
4.47 321.80 0.00 0.00
4.47 322.00 0.00 0.00
4.48 322.20 0.00 0.00
4.48 322.40 0.00 0.00
4.48 322.60 0.00 0.00
4.48 322.80 0.00 0.00
4.49 323.00 0.00 0.00
4.49 323.20 0.00 0.00
4.49 323.40 0.00 0.00
4.49 323.60 0.00 0.00
4.50 323.80 0.00 0.00
4.50 324.00 0.00 0.00
4.50 324.20 0.00 0.00
4.51 324.40 0.00 0.00
4.51 324.60 0.00 0.00
4.51 324.80 0.00 0.00
4.51 325.00 0.00 0.00
4.52 325.20 0.00 0.00
4.52 325.40 0.00 0.00
4.52 325.60 0.00 0.00
4.53 325.80 0.00 0.00
4.53 326.00 0.00 0.00
4.53 326.20 0.00 0.00
4.53 326.40 0.00 0.00
4.54 326.60 0.00 0.00
4.54 326.80 0.00 0.00
4.54 327.00 0.00 0.00
4.54 327.20 0.00 0.00
4.55 327.40 0.00 0.00
4.55 327.60 0.00 0.00
4.55 327.80 0.00 0.00
4.56 328.00 0.00 0.00
4.56 328.20 0.00 0.00
4.56 328.40 0.00 0.00
4.56 328.60 0.00 0.00
4.57 328.80 0.00 0.00
4.57 329.00 0.00 0.00
4.57 329.20 0.00 0.00
4.58 329.40 0.00 0.00
4.58 329.60 0.00 0.00
4.58 329.80 0.00 0.00
4.58 330.00 0.00 0.00
4.59 330.20 0.00 0.00
4.59 330.40 0.00 0.00
4.59 330.60 0.00 0.00
4.59 330.80 0.00 0.00
4.60 331.00 0.00 0.00
4.60 331.20 0.00 0.00
4.60 331.40 0.00 0.00
4.61 331.60 0.00 0.00
4.61 331.80 0.00 0.00
4.61 332.00 0.00 0.00
4.61 332.20 0.00 0.00
4.62 332.40 0.00 0.00
4.62 332.60 0.00 0.00
4.62 332.80 0.00 0.00
4.62 333.00 0.00 0.00
4.63 333.20 0.00 0.00
4.63 333.40 0.00 0.00
4.63 333.60 0.00 0.00
4.64 333.80 0.00 0.00
4.64 334.00 0.00 0.00
4.64 334.20 0.00 0.00
4.64 334.40 0.00 0.00
4.65 334.60 0.00 0.00
4.65 334.80 0.00 0.00
4.65 335.00 0.00 0.00
4.66 335.20 0.00 0.00
4.66 335.40 0.00 0.00
4.66 335.60 0.00 0.00
4.66 335.80 0.00 0.00
4.67 336.00 0.00 0.00
4.67 336.20 0.00 0.00
4.67 336.40 0.00 0.00
4.67 336.60 0.00 0.00
4.68 336.80 0.00 0.00
4.68 337.00 0.00 0.00
4.68 337.20 0.00 0.00
4.69 337.40 0.00 0.00
4.69 337.60 0.00 0.00
4.69 337.80 0.00 0.00
4.69 338.00 0.00 0.00
4.70 338.20 0.00 0.00
4.70 338.40 0.00 0.00
4.70 338.60 0.00 0.00
4.71 338.80 0.00 0.00
4.71 339.00 0.00 0.00
4.71 339.20 0.00 0.00
4.71 339.40 0.00 0.00
4.72 339.60 0.00 0.00
4.72 339.80 0.00 0.00
4.72 340.00 0.00 0.00
4.73 340.20 0.00 0.00
4.73 340.40 0.00 0.00
4.73 340.60 0.00 0.00
4.73 340.80 0.00 0.00
4.74 341.00 0.00 0.00
4.74 341.20 0.00 0.00
4.74 341.40 0.00 0.00
4.74 341.60 0.00 0.00
4.75 341.80 0.00 0.00
4.75 342.00 0.00 0.00
4.75 342.20 0.00 0.00
4.76 342.40 0.00 0.00
4.76 342.60 0.00 0.00
4.76 342.80 0.00 0.00
4.76 343.00 0.00 0.00
4.77 343.20 0.00 0.00
4.77 343.40 0.00 0.00
4.77 343.60 0.00 0.00
4.78 343.80 0.00 0.00
4.78 344.00 0.00 0.00
4.78 344.20 0.00 0.00
4.78 344.40 0.00 0.00
4.79 344.60 0.00 0.00
4.79 344.80 0.00 0.00
4.79 345.00 0.00 0.00
4.79 345.20 0.00 0.00
4.80 345.40 0.00 0.00
4.80 345.60 0.00 0.00
4.80 345.80 0.00 0.00
4.81 346.00 0.00 0.00
4.81 346.20 0.00 0.00
4.81 346.40 0.00 0.00
4.81 346.60 0.00 0.00
4.82 346.80 0.00 0.00
4.82 347.00 0.00 0.00
4.82 347.20 0.00 0.00
4.83 347.40 0.00 0.00
4.83 347.60 0.00 0.00
4.83 347.80 0.00 0.00
4.83 348.00 0.00 0.00
4.84 348.20 0.00 0.00
4.84 348.40 0.00 0.00
4.84 348.60 0.00 0.00
4.84 348.80 0.00 0.00
4.85 349.00 0.00 0.00
4.85 349.20 0.00 0.00
4.85 349.40 0.00 0.00
4.86 349.60 0.00 0.00
4.86 349.80 0.00 0.00
4.86 350.00 0.00 0.00
4.86 350.20 0.00 0.00
4.87 350.40 0.00 0.00
4.87 350.60 0.00 0.00
4.87 350.80 0.00 0.00
4.88 351.00 0.00 0.00
4.88 351.20 0.00 0.00
4.88 351.40 0.00 0.00
4.88 351.60 0.00 0.00
4.89 351.80 0.00 0.00
4.89 352.00 0.00 0.00
4.89 352.20 0.00 0.00
4.89 352.40 0.00 0.00
4.90 352.60 0.00 0.00
4.90 352.80 0.00 0.00
4.90 353.00 0.00 0.00
4.91 353.20 0.00 0.00
4.91 353.40 0.00 0.00
4.91 353.60 0.00 0.00
4.91 353.80 0.00 0.00
4.92 354.00 0.00 0.00
4.92 354.20 0.00 0.00
4.92 354.40 0.00 0.00
4.92 354.60 0.00 0.00
4.93 354.80 0.00 0.00
4.93 355.00 0.00 0.00
4.93 355.20 0.00 0.00
4.94 355.40 0.00 0.00
4.94 355.60 0.00 0.00
4.94 355.80 0.00 0.00
4.94 356.00 0.00 0.00
4.95 356.20 0.00 0.00
4.95 356.40 0.00 0.00
4.95 356.60 0.00 0.00
4.96 356.80 0.00 0.00
4.96 357.00 0.00 0.00
4.96 357.20 0.00 0.00
4.96 357.40 0.00 0.00
4.97 357.60 0.00 0.00
4.97 357.80 0.00 0.00
4.97 358.00 0.00 0.00
4.98 358.20 0.00 0.00
4.98 358.40 0.00 0.00
4.98 358.60 0.00 0.00
4.98 358.80 0.00 0.00
4.99 359.00 0.00 0.00
4.99 359.20 0.00 0.00
4.99 359.40 0.00 0.00
4.99 359.60 0.00 0.00
5.00 359.80 0.00 0.00
5.00 360.00 0.00 0.00
