0.00 0.00 0.00 0.00
0.03 0.03 0.00 0.00
0.06 0.11 0.00 0.00
0.08 0.25 0.00 0.00
0.11 0.44 0.00 0.00
0.14 0.68 0.00 0.00
0.17 0.98 0.00 0.00
0.19 1.34 0.00 0.00
0.22 1.74 0.00 0.00
0.25 2.20 0.00 0.00
0.28 2.71 0.00 0.00
0.31 3.28 0.00 0.00
0.33 3.89 0.00 0.00
0.36 4.55 0.00 0.00
0.39 5.27 0.00 0.00
0.42 6.03 0.00 0.00
0.44 6.84 0.00 0.00
0.47 7.69 0.00 0.00
0.50 8.59 0.00 0.00
0.53 9.54 0.00 0.00
0.56 10.53 0.00 0.00
0.58 11.56 0.00 0.00
0.61 12.63 0.00 0.00
0.64 13.74 0.00 0.00
0.67 14.89 0.00 0.00
0.69 16.07 0.00 0.00
0.72 17.30 0.00 0.00
0.75 18.55 0.00 0.00
0.78 19.84 0.00 0.00
0.81 21.15 0.00 0.00
0.83 22.50 0.00 0.00
0.86 23.87 0.00 0.00
0.89 25.27 0.00 0.00
0.92 26.70 0.00 0.00
0.94 28.14 0.00 0.00
0.97 29.61 0.00 0.00
1.00 31.09 0.00 0.00
1.03 32.60 0.00 0.00
1.06 34.11 0.00 0.00
1.08 35.64 0.00 0.00
1.11 37.19 0.00 0.00
1.14 38.74 0.00 0.00
1.17 40.30 0.00 0.00
1.19 41.86 0.00 0.00
1.22 43.43 0.00 0.00
1.25 45.00 0.00 0.00
1.28 46.57 0.00 0.00
1.31 48.14 0.00 0.00
1.33 49.70 0.00 0.00
1.36 51.26 0.00 0.00
1.39 52.81 0.00 0.00
1.42 54.36 0.00 0.00
1.44 55.89 0.00 0.00
1.47 57.40 0.00 0.00
1.50 58.91 0.00 0.00
1.53 60.39 0.00 0.00
1.56 61.86 0.00 0.00
1.58 63.30 0.00 0.00
1.61 64.73 0.00 0.00
1.64 66.13 0.00 0.00
1.67 67.50 0.00 0.00
1.69 68.85 0.00 0.00
1.72 70.16 0.00 0.00
1.75 71.45 0.00 0.00
1.78 72.70 0.00 0.00
1.81 73.93 0.00 0.00
1.83 75.11 0.00 0.00
1.86 76.26 0.00 0.00
1.89 77.37 0.00 0.00
1.92 78.44 0.00 0.00
1.94 79.47 0.00 0.00
1.97 80.46 0.00 0.00
2.00 81.41 0.00 0.00
2.03 82.31 0.00 0.00
2.06 83.16 0.00 0.00
2.08 83.97 0.00 0.00
2.11 84.73 0.00 0.00
2.14 85.45 0.00 0.00
2.17 86.11 0.00 0.00
2.19 86.72 0.00 0.00
2.22 87.29 0.00 0.00
2.25 87.80 0.00 0.00
2.28 88.26 0.00 0.00
2.31 88.66 0.00 0.00
2.33 89.02 0.00 0.00
2.36 89.32 0.00 0.00
2.39 89.56 0.00 0.00
2.42 89.75 0.00 0.00
2.44 89.89 0.00 0.00
2.47 89.97 0.00 0.00
2.50 90.00 0.00 0.00
2.53 89.97 0.00 0.00
2.56 89.89 0.00 0.00
2.58 89.75 0.00 0.00
2.61 89.56 0.00 0.00
2.64 89.32 0.00 0.00
2.67 89.02 0.00 0.00
2.69 88.66 0.00 0.00
2.72 88.26 0.00 0.00
2.75 87.80 0.00 0.00
2.78 87.29 0.00 0.00
2.81 86.72 0.00 0.00
2.83 86.11 0.00 0.00
2.86 85.45 0.00 0.00
2.89 84.73 0.00 0.00
2.92 83.97 0.00 0.00
2.94 83.16 0.00 0.00
2.97 82.31 0.00 0.00
3.00 81.41 0.00 0.00
3.03 80.46 0.00 0.00
3.06 79.47 0.00 0.00
3.08 78.44 0.00 0.00
3.11 77.37 0.00 0.00
3.14 76.26 0.00 0.00
3.17 75.11 0.00 0.00
3.19 73.93 0.00 0.00
3.22 72.70 0.00 0.00
3.25 71.45 0.00 0.00
3.28 70.16 0.00 0.00
3.31 68.85 0.00 0.00
3.33 67.50 0.00 0.00
3.36 66.13 0.00 0.00
3.39 64.73 0.00 0.00
3.42 63.30 0.00 0.00
3.44 61.86 0.00 0.00
3.47 60.39 0.00 0.00
3.50 58.91 0.00 0.00
3.53 57.40 0.00 0.00
3.56 55.89 0.00 0.00
3.58 54.36 0.00 0.00
3.61 52.81 0.00 0.00
3.64 51.26 0.00 0.00
3.67 49.70 0.00 0.00
3.69 48.14 0.00 0.00
3.72 46.57 0.00 0.00
3.75 45.00 0.00 0.00
3.78 43.43 0.00 0.00
3.81 41.86 0.00 0.00
3.83 40.30 0.00 0.00
3.86 38.74 0.00 0.00
3.89 37.19 0.00 0.00
3.92 35.64 0.00 0.00
3.94 34.11 0.00 0.00
3.97 32.60 0.00 0.00
4.00 31.09 0.00 0.00
4.03 29.61 0.00 0.00
4.06 28.14 0.00 0.00
4.08 26.70 0.00 0.00
4.11 25.27 0.00 0.00
4.14 23.87 0.00 0.00
4.17 22.50 0.00 0.00
4.19 21.15 0.00 0.00
4.22 19.84 0.00 0.00
4.25 18.55 0.00 0.00
4.28 17.30 0.00 0.00
4.31 16.07 0.00 0.00
4.33 14.89 0.00 0.00
4.36 13.74 0.00 0.00
4.39 12.63 0.00 0.00
4.42 11.56 0.00 0.00
4.44 10.53 0.00 0.00
4.47 9.54 0.00 0.00
4.50 8.59 0.00 0.00
4.53 7.69 0.00 0.00
4.56 6.84 0.00 0.00
4.58 6.03 0.00 0.00
4.61 5.27 0.00 0.00
4.64 4.55 0.00 0.00
4.67 3.89 0.00 0.00
4.69 3.28 0.00 0.00
4.72 2.71 0.00 0.00
4.75 2.20 0.00 0.00
4.78 1.74 0.00 0.00
4.81 1.34 0.00 0.00
4.83 0.98 0.00 0.00
4.86 0.68 0.00 0.00
4.89 0.44 0.00 0.00
4.92 0.25 0.00 0.00
4.94 0.11 0.00 0.00
4.97 0.03 0.00 0.00
5.00 0.00 0.00 0.00
5.03 0.03 0.00 0.00
5.06 0.11 0.00 0.00
5.08 0.25 0.00 0.00
5.11 0.44 0.00 0.00
5.14 0.68 0.00 0.00
5.17 0.98 0.00 0.00
5.19 1.34 0.00 0.00
5.22 1.74 0.00 0.00
5.25 2.20 0.00 0.00
5.28 2.71 0.00 0.00
5.31 3.28 0.00 0.00
5.33 3.89 0.00 0.00
5.36 4.55 0.00 0.00
5.39 5.27 0.00 0.00
5.42 6.03 0.00 0.00
5.44 6.84 0.00 0.00
5.47 7.69 0.00 0.00
5.50 8.59 0.00 0.00
5.53 9.54 0.00 0.00
5.56 10.53 0.00 0.00
5.58 11.56 0.00 0.00
5.61 12.63 0.00 0.00
5.64 13.74 0.00 0.00
5.67 14.89 0.00 0.00
5.69 16.07 0.00 0.00
5.72 17.30 0.00 0.00
5.75 18.55 0.00 0.00
5.78 19.84 0.00 0.00
5.81 21.15 0.00 0.00
5.83 22.50 0.00 0.00
5.86 23.87 0.00 0.00
5.89 25.27 0.00 0.00
5.92 26.70 0.00 0.00
5.94 28.14 0.00 0.00
5.97 29.61 0.00 0.00
6.00 31.09 0.00 0.00
6.03 32.60 0.00 0.00
6.06 34.11 0.00 0.00
6.08 35.64 0.00 0.00
6.11 37.19 0.00 0.00
6.14 38.74 0.00 0.00
6.17 40.30 0.00 0.00
6.19 41.86 0.00 0.00
6.22 43.43 0.00 0.00
6.25 45.00 0.00 0.00
6.28 46.57 0.00 0.00
6.31 48.14 0.00 0.00
6.33 49.70 0.00 0.00
6.36 51.26 0.00 0.00
6.39 52.81 0.00 0.00
6.42 54.36 0.00 0.00
6.44 55.89 0.00 0.00
6.47 57.40 0.00 0.00
6.50 58.91 0.00 0.00
6.53 60.39 0.00 0.00
6.56 61.86 0.00 0.00
6.58 63.30 0.00 0.00
6.61 64.73 0.00 0.00
6.64 66.13 0.00 0.00
6.67 67.50 0.00 0.00
6.69 68.85 0.00 0.00
6.72 70.16 0.00 0.00
6.75 71.45 0.00 0.00
6.78 72.70 0.00 0.00
6.81 73.93 0.00 0.00
6.83 75.11 0.00 0.00
6.86 76.26 0.00 0.00
6.89 77.37 0.00 0.00
6.92 78.44 0.00 0.00
6.94 79.47 0.00 0.00
6.97 80.46 0.00 0.00
7.00 81.41 0.00 0.00
7.03 82.31 0.00 0.00
7.06 83.16 0.00 0.00
7.08 83.97 0.00 0.00
7.11 84.73 0.00 0.00
7.14 85.45 0.00 0.00
7.17 86.11 0.00 0.00
7.19 86.72 0.00 0.00
7.22 87.29 0.00 0.00
7.25 87.80 0.00 0.00
7.28 88.26 0.00 0.00
7.31 88.66 0.00 0.00
7.33 89.02 0.00 0.00
7.36 89.32 0.00 0.00
7.39 89.56 0.00 0.00
7.42 89.75 0.00 0.00
7.44 89.89 0.00 0.00
7.47 89.97 0.00 0.00
7.50 90.00 0.00 0.00
7.53 89.97 0.00 0.00
7.56 89.89 0.00 0.00
7.58 89.75 0.00 0.00
7.61 89.56 0.00 0.00
7.64 89.32 0.00 0.00
7.67 89.02 0.00 0.00
7.69 88.66 0.00 0.00
7.72 88.26 0.00 0.00
7.75 87.80 0.00 0.00
7.78 87.29 0.00 0.00
7.81 86.72 0.00 0.00
7.83 86.11 0.00 0.00
7.86 85.45 0.00 0.00
7.89 84.73 0.00 0.00
7.92 83.97 0.00 0.00
7.94 83.16 0.00 0.00
7.97 82.31 0.00 0.00
8.00 81.41 0.00 0.00
8.03 80.46 0.00 0.00
8.06 79.47 0.00 0.00
8.08 78.44 0.00 0.00
8.11 77.37 0.00 0.00
8.14 76.26 0.00 0.00
8.17 75.11 0.00 0.00
8.19 73.93 0.00 0.00
8.22 72.70 0.00 0.00
8.25 71.45 0.00 0.00
8.28 70.16 0.00 0.00
8.31 68.85 0.00 0.00
8.33 67.50 0.00 0.00
8.36 66.13 0.00 0.00
8.39 64.73 0.00 0.00
8.42 63.30 0.00 0.00
8.44 61.86 0.00 0.00
8.47 60.39 0.00 0.00
8.50 58.91 0.00 0.00
8.53 57.40 0.00 0.00
8.56 55.89 0.00 0.00
8.58 54.36 0.00 0.00
8.61 52.81 0.00 0.00
8.64 51.26 0.00 0.00
8.67 49.70 0.00 0.00
8.69 48.14 0.00 0.00
8.72 46.57 0.00 0.00
8.75 45.00 0.00 0.00
8.78 43.43 0.00 0.00
8.81 41.86 0.00 0.00
8.83 40.30 0.00 0.00
8.86 38.74 0.00 0.00
8.89 37.19 0.00 0.00
8.92 35.64 0.00 0.00
8.94 34.11 0.00 0.00
8.97 32.60 0.00 0.00
9.00 31.09 0.00 0.00
9.03 29.61 0.00 0.00
9.06 28.14 0.00 0.00
9.08 26.70 0.00 0.00
9.11 25.27 0.00 0.00
9.14 23.87 0.00 0.00
9.17 22.50 0.00 0.00
9.19 21.15 0.00 0.00
9.22 19.84 0.00 0.00
9.25 18.55 0.00 0.00
9.28 17.30 0.00 0.00
9.31 16.07 0.00 0.00
9.33 14.89 0.00 0.00
9.36 13.74 0.00 0.00
9.39 12.63 0.00 0.00
9.42 11.56 0.00 0.00
9.44 10.53 0.00 0.00
9.47 9.54 0.00 0.00
9.50 8.59 0.00 0.00
9.53 7.69 0.00 0.00
9.56 6.84 0.00 0.00
9.58 6.03 0.00 0.00
9.61 5.27 0.00 0.00
9.64 4.55 0.00 0.00
9.67 3.89 0.00 0.00
9.69 3.28 0.00 0.00
9.72 2.71 0.00 0.00
9.75 2.20 0.00 0.00
9.78 1.74 0.00 0.00
9.81 1.34 0.00 0.00
9.83 0.98 0.00 0.00
9.86 0.68 0.00 0.00
9.89 0.44 0.00 0.00
9.92 0.25 0.00 0.00
9.94 0.11 0.00 0.00
9.97 0.03 0.00 0.00
10.00 0.00 0.00 0.00
