0.00 0.00 0.00 0.00
0.05 0.35 0.00 0.00
0.10 1.41 0.00 0.00
0.15 3.16 0.00 0.00
0.20 5.57 0.00 0.00
0.25 8.59 0.00 0.00
0.30 12.20 0.00 0.00
0.35 16.32 0.00 0.00
0.40 20.89 0.00 0.00
0.45 25.84 0.00 0.00
0.50 31.09 0.00 0.00
0.55 36.57 0.00 0.00
0.60 42.17 0.00 0.00
0.65 47.83 0.00 0.00
0.70 53.43 0.00 0.00
0.75 58.91 0.00 0.00
0.80 64.16 0.00 0.00
0.85 69.11 0.00 0.00
0.90 73.68 0.00 0.00
0.95 77.80 0.00 0.00
1.00 81.41 0.00 0.00
1.05 84.43 0.00 0.00
1.10 86.84 0.00 0.00
1.15 88.59 0.00 0.00
1.20 89.65 0.00 0.00
1.25 90.00 0.00 0.00
1.30 89.65 0.00 0.00
1.35 88.59 0.00 0.00
1.40 86.84 0.00 0.00
1.45 84.43 0.00 0.00
1.50 81.41 0.00 0.00
1.55 77.80 0.00 0.00
1.60 73.68 0.00 0.00
1.65 69.11 0.00 0.00
1.70 64.16 0.00 0.00
1.75 58.91 0.00 0.00
1.80 53.43 0.00 0.00
1.85 47.83 0.00 0.00
1.90 42.17 0.00 0.00
1.95 36.57 0.00 0.00
2.00 31.09 0.00 0.00
2.05 25.84 0.00 0.00
2.10 20.89 0.00 0.00
2.15 16.32 0.00 0.00
2.20 12.20 0.00 0.00
2.25 8.59 0.00 0.00
2.30 5.57 0.00 0.00
2.35 3.16 0.00 0.00
2.40 1.41 0.00 0.00
2.45 0.35 0.00 0.00
2.50 0.00 0.00 0.00
2.55 0.35 0.00 0.00
2.60 1.41 0.00 0.00
2.65 3.16 0.00 0.00
2.70 5.57 0.00 0.00
2.75 8.59 0.00 0.00
2.80 12.20 0.00 0.00
2.85 16.32 0.00 0.00
2.90 20.89 0.00 0.00
2.95 25.84 0.00 0.00
3.00 31.09 0.00 0.00
3.05 36.57 0.00 0.00
3.10 42.17 0.00 0.00
3.15 47.83 0.00 0.00
3.20 53.43 0.00 0.00
3.25 58.91 0.00 0.00
3.30 64.16 0.00 0.00
3.35 69.11 0.00 0.00
3.40 73.68 0.00 0.00
3.45 77.80 0.00 0.00
3.50 81.41 0.00 0.00
3.55 84.43 0.00 0.00
3.60 86.84 0.00 0.00
3.65 88.59 0.00 0.00
3.70 89.65 0.00 0.00
3.75 90.00 0.00 0.00
3.80 89.65 0.00 0.00
3.85 88.59 0.00 0.00
3.90 86.84 0.00 0.00
3.95 84.43 0.00 0.00
4.00 81.41 0.00 0.00
4.05 77.80 0.00 0.00
4.10 73.68 0.00 0.00
4.15 69.11 0.00 0.00
4.20 64.16 0.00 0.00
4.25 58.91 0.00 0.00
4.30 53.43 0.00 0.00
4.35 47.83 0.00 0.00
4.40 42.17 0.00 0.00
4.45 36.57 0.00 0.00
4.50 31.09 0.00 0.00
4.55 25.84 0.00 0.00
4.60 20.89 0.00 0.00
4.65 16.32 0.00 0.00
4.70 12.20 0.00 0.00
4.75 8.59 0.00 0.00
4.80 5.57 0.00 0.00
4.85 3.16 0.00 0.00
4.90 1.41 0.00 0.00
4.95 0.35 0.00 0.00
5.00 0.00 0.00 0.00
5.05 0.35 0.00 0.00
5.10 1.41 0.00 0.00
5.15 3.16 0.00 0.00
5.20 5.57 0.00 0.00
5.25 8.59 0.00 0.00
5.30 12.20 0.00 0.00
5.35 16.32 0.00 0.00
5.40 20.89 0.00 0.00
5.45 25.84 0.00 0.00
5.50 31.09 0.00 0.00
5.55 36.57 0.00 0.00
5.60 42.17 0.00 0.00
5.65 47.83 0.00 0.00
5.70 53.43 0.00 0.00
5.75 58.91 0.00 0.00
5.80 64.16 0.00 0.00
5.85 69.11 0.00 0.00
5.90 73.68 0.00 0.00
5.95 77.80 0.00 0.00
6.00 81.41 0.00 0.00
6.05 84.43 0.00 0.00
6.10 86.84 0.00 0.00
6.15 88.59 0.00 0.00
6.20 89.65 0.00 0.00
6.25 90.00 0.00 0.00
6.30 89.65 0.00 0.00
6.35 88.59 0.00 0.00
6.40 86.84 0.00 0.00
6.45 84.43 0.00 0.00
6.50 81.41 0.00 0.00
6.55 77.80 0.00 0.00
6.60 73.68 0.00 0.00
6.65 69.11 0.00 0.00
6.70 64.16 0.00 0.00
6.75 58.91 0.00 0.00
6.80 53.43 0.00 0.00
6.85 47.83 0.00 0.00
6.90 42.17 0.00 0.00
6.95 36.57 0.00 0.00
7.00 31.09 0.00 0.00
7.05 25.84 0.00 0.00
7.10 20.89 0.00 0.00
7.15 16.32 0.00 0.00
7.20 12.20 0.00 0.00
7.25 8.59 0.00 0.00
7.30 5.57 0.00 0.00
7.35 3.16 0.00 0.00
7.40 1.41 0.00 0.00
7.45 0.35 0.00 0.00
7.50 0.00 0.00 0.00
7.55 0.35 0.00 0.00
7.60 1.41 0.00 0.00
7.65 3.16 0.00 0.00
7.70 5.57 0.00 0.00
7.75 8.59 0.00 0.00
7.80 12.20 0.00 0.00
7.85 16.32 0.00 0.00
7.90 20.89 0.00 0.00
7.95 25.84 0.00 0.00
8.00 31.09 0.00 0.00
8.05 36.57 0.00 0.00
8.10 42.17 0.00 0.00
8.15 47.83 0.00 0.00
8.20 53.43 0.00 0.00
8.25 58.91 0.00 0.00
8.30 64.16 0.00 0.00
8.35 69.11 0.00 0.00
8.40 73.68 0.00 0.00
8.45 77.80 0.00 0.00
8.50 81.41 0.00 0.00
8.55 84.43 0.00 0.00
8.60 86.84 0.00 0.00
8.65 88.59 0.00 0.00
8.70 89.65 0.00 0.00
8.75 90.00 0.00 0.00
8.80 89.65 0.00 0.00
8.85 88.59 0.00 0.00
8.90 86.84 0.00 0.00
8.95 84.43 0.00 0.00
9.00 81.41 0.00 0.00
9.05 77.80 0.00 0.00
9.10 73.68 0.00 0.00
9.15 69.11 0.00 0.00
9.20 64.16 0.00 0.00
9.25 58.91 0.00 0.00
9.30 53.43 0.00 0.00
9.35 47.83 0.00 0.00
9.40 42.17 0.00 0.00
9.45 36.57 0.00 0.00
9.50 31.09 0.00 0.00
9.55 25.84 0.00 0.00
9.60 20.89 0.00 0.00
9.65 16.32 0.00 0.00
9.70 12.20 0.00 0.00
9.75 8.59 0.00 0.00
9.80 5.57 0.00 0.00
9.85 3.16 0.00 0.00
9.90 1.41 0.00 0.00
9.95 0.35 0.00 0.00
10.00 0.00 0.00 0.00
10.05 0.35 0.00 0.00
10.10 1.41 0.00 0.00
10.15 3.16 0.00 0.00
10.20 5.57 0.00 0.00
10.25 8.59 0.00 0.00
10.30 12.20 0.00 0.00
10.35 16.32 0.00 0.00
10.40 20.89 0.00 0.00
10.45 25.84 0.00 0.00
10.50 31.09 0.00 0.00
10.55 36.57 0.00 0.00
10.60 42.17 0.00 0.00
10.65 47.83 0.00 0.00
10.70 53.43 0.00 0.00
10.75 58.91 0.00 0.00
10.80 64.16 0.00 0.00
10.85 69.11 0.00 0.00
10.90 73.68 0.00 0.00
10.95 77.80 0.00 0.00
11.00 81.41 0.00 0.00
11.05 84.43 0.00 0.00
11.10 86.84 0.00 0.00
11.15 88.59 0.00 0.00
11.20 89.65 0.00 0.00
11.25 90.00 0.00 0.00
11.30 89.65 0.00 0.00
11.35 88.59 0.00 0.00
11.40 86.84 0.00 0.00
11.45 84.43 0.00 0.00
11.50 81.41 0.00 0.00
11.55 77.80 0.00 0.00
11.60 73.68 0.00 0.00
11.65 69.11 0.00 0.00
11.70 64.16 0.00 0.00
11.75 58.91 0.00 0.00
11.80 53.43 0.00 0.00
11.85 47.83 0.00 0.00
11.90 42.17 0.00 0.00
11.95 36.57 0.00 0.00
12.00 31.09 0.00 0.00
12.05 25.84 0.00 0.00
12.10 20.89 0.00 0.00
12.15 16.32 0.00 0.00
12.20 12.20 0.00 0.00
12.25 8.59 0.00 0.00
12.30 5.57 0.00 0.00
12.35 3.16 0.00 0.00
12.40 1.41 0.00 0.00
12.45 0.35 0.00 0.00
12.50 0.00 0.00 0.00
12.55 0.35 0.00 0.00
12.60 1.41 0.00 0.00
12.65 3.16 0.00 0.00
12.70 5.57 0.00 0.00
12.75 8.59 0.00 0.00
12.80 12.20 0.00 0.00
12.85 16.32 0.00 0.00
12.90 20.89 0.00 0.00
12.95 25.84 0.00 0.00
13.00 31.09 0.00 0.00
13.05 36.57 0.00 0.00
13.10 42.17 0.00 0.00
13.15 47.83 0.00 0.00
13.20 53.43 0.00 0.00
13.25 58.91 0.00 0.00
13.30 64.16 0.00 0.00
13.35 69.11 0.00 0.00
13.40 73.68 0.00 0.00
13.45 77.80 0.00 0.00
13.50 81.41 0.00 0.00
13.55 84.43 0.00 0.00
13.60 86.84 0.00 0.00
13.65 88.59 0.00 0.00
13.70 89.65 0.00 0.00
13.75 90.00 0.00 0.00
13.80 89.65 0.00 0.00
13.85 88.59 0.00 0.00
13.90 86.84 0.00 0.00
13.95 84.43 0.00 0.00
14.00 81.41 0.00 0.00
14.05 77.80 0.00 0.00
14.10 73.68 0.00 0.00
14.15 69.11 0.00 0.00
14.20 64.16 0.00 0.00
14.25 58.91 0.00 0.00
14.30 53.43 0.00 0.00
14.35 47.83 0.00 0.00
14.40 42.17 0.00 0.00
14.45 36.57 0.00 0.00
14.50 31.09 0.00 0.00
14.55 25.84 0.00 0.00
14.60 20.89 0.00 0.00
14.65 16.32 0.00 0.00
14.70 12.20 0.00 0.00
14.75 8.59 0.00 0.00
14.80 5.57 0.00 0.00
14.85 3.16 0.00 0.00
14.90 1.41 0.00 0.00
14.95 0.35 0.00 0.00
15.00 0.00 0.00 0.00
15.05 0.35 0.00 0.00
15.10 1.41 0.00 0.00
15.15 3.16 0.00 0.00
15.20 5.57 0.00 0.00
15.25 8.59 0.00 0.00
15.30 12.20 0.00 0.00
15.35 16.32 0.00 0.00
15.40 20.89 0.00 0.00
15.45 25.84 0.00 0.00
15.50 31.09 0.00 0.00
15.55 36.57 0.00 0.00
15.60 42.17 0.00 0.00
15.65 47.83 0.00 0.00
15.70 53.43 0.00 0.00
15.75 58.91 0.00 0.00
15.80 64.16 0.00 0.00
15.85 69.11 0.00 0.00
15.90 73.68 0.00 0.00
15.95 77.80 0.00 0.00
16.00 81.41 0.00 0.00
16.05 84.43 0.00 0.00
16.10 86.84 0.00 0.00
16.15 88.59 0.00 0.00
16.20 89.65 0.00 0.00
16.25 90.00 0.00 0.00
16.30 89.65 0.00 0.00
16.35 88.59 0.00 0.00
16.40 86.84 0.00 0.00
16.45 84.43 0.00 0.00
16.50 81.41 0.00 0.00
16.55 77.80 0.00 0.00
16.60 73.68 0.00 0.00
16.65 69.11 0.00 0.00
16.70 64.16 0.00 0.00
16.75 58.91 0.00 0.00
16.80 53.43 0.00 0.00
16.85 47.83 0.00 0.00
16.90 42.17 0.00 0.00
16.95 36.57 0.00 0.00
17.00 31.09 0.00 0.00
17.05 25.84 0.00 0.00
17.10 20.89 0.00 0.00
17.15 16.32 0.00 0.00
17.20 12.20 0.00 0.00
17.25 8.59 0.00 0.00
17.30 5.57 0.00 0.00
17.35 3.16 0.00 0.00
17.40 1.41 0.00 0.00
17.45 0.35 0.00 0.00
17.50 0.00 0.00 0.00
17.55 0.35 0.00 0.00
17.60 1.41 0.00 0.00
17.65 3.16 0.00 0.00
17.70 5.57 0.00 0.00
17.75 8.59 0.00 0.00
17.80 12.20 0.00 0.00
17.85 16.32 0.00 0.00
17.90 20.89 0.00 0.00
17.95 25.84 0.00 0.00
18.00 31.09 0.00 0.00
18.05 36.57 0.00 0.00
18.10 42.17 0.00 0.00
18.15 47.83 0.00 0.00
18.20 53.43 0.00 0.00
18.25 58.91 0.00 0.00
18.30 64.16 0.00 0.00
18.35 69.11 0.00 0.00
18.40 73.68 0.00 0.00
18.45 77.80 0.00 0.00
18.50 81.41 0.00 0.00
18.55 84.43 0.00 0.00
18.60 86.84 0.00 0.00
18.65 88.59 0.00 0.00
18.70 89.65 0.00 0.00
18.75 90.00 0.00 0.00
18.80 89.65 0.00 0.00
18.85 88.59 0.00 0.00
18.90 86.84 0.00 0.00
18.95 84.43 0.00 0.00
19.00 81.41 0.00 0.00
19.05 77.80 0.00 0.00
19.10 73.68 0.00 0.00
19.15 69.11 0.00 0.00
19.20 64.16 0.00 0.00
19.25 58.91 0.00 0.00
19.30 53.43 0.00 0.00
19.35 47.83 0.00 0.00
19.40 42.17 0.00 0.00
19.45 36.57 0.00 0.00
19.50 31.09 0.00 0.00
19.55 25.84 0.00 0.00
19.60 20.89 0.00 0.00
19.65 16.32 0.00 0.00
19.70 12.20 0.00 0.00
19.75 8.59 0.00 0.00
19.80 5.57 0.00 0.00
19.85 3.16 0.00 0.00
19.90 1.41 0.00 0.00
19.95 0.35 0.00 0.00
20.00 0.00 0.00 0.00
20.05 0.35 0.00 0.00
20.10 1.41 0.00 0.00
20.15 3.16 0.00 0.00
20.20 5.57 0.00 0.00
20.25 8.59 0.00 0.00
20.30 12.20 0.00 0.00
20.35 16.32 0.00 0.00
20.40 20.89 0.00 0.00
20.45 25.84 0.00 0.00
20.50 31.09 0.00 0.00
20.55 36.57 0.00 0.00
20.60 42.17 0.00 0.00
20.65 47.83 0.00 0.00
20.70 53.43 0.00 0.00
20.75 58.91 0.00 0.00
20.80 64.16 0.00 0.00
20.85 69.11 0.00 0.00
20.90 73.68 0.00 0.00
20.95 77.80 0.00 0.00
21.00 81.41 0.00 0.00
21.05 84.43 0.00 0.00
21.10 86.84 0.00 0.00
21.15 88.59 0.00 0.00
21.20 89.65 0.00 0.00
21.25 90.00 0.00 0.00
21.30 89.65 0.00 0.00
21.35 88.59 0.00 0.00
21.40 86.84 0.00 0.00
21.45 84.43 0.00 0.00
21.50 81.41 0.00 0.00
21.55 77.80 0.00 0.00
21.60 73.68 0.00 0.00
21.65 69.11 0.00 0.00
21.70 64.16 0.00 0.00
21.75 58.91 0.00 0.00
21.80 53.43 0.00 0.00
21.85 47.83 0.00 0.00
21.90 42.17 0.00 0.00
21.95 36.57 0.00 0.00
22.00 31.09 0.00 0.00
22.05 25.84 0.00 0.00
22.10 20.89 0.00 0.00
22.15 16.32 0.00 0.00
22.20 12.20 0.00 0.00
22.25 8.59 0.00 0.00
22.30 5.57 0.00 0.00
22.35 3.16 0.00 0.00
22.40 1.41 0.00 0.00
22.45 0.35 0.00 0.00
22.50 0.00 0.00 0.00
22.55 0.35 0.00 0.00
22.60 1.41 0.00 0.00
22.65 3.16 0.00 0.00
22.70 5.57 0.00 0.00
22.75 8.59 0.00 0.00
22.80 12.20 0.00 0.00
22.85 16.32 0.00 0.00
22.90 20.89 0.00 0.00
22.95 25.84 0.00 0.00
23.00 31.09 0.00 0.00
23.05 36.57 0.00 0.00
23.10 42.17 0.00 0.00
23.15 47.83 0.00 0.00
23.20 53.43 0.00 0.00
23.25 58.91 0.00 0.00
23.30 64.16 0.00 0.00
23.35 69.11 0.00 0.00
23.40 73.68 0.00 0.00
23.45 77.80 0.00 0.00
23.50 81.41 0.00 0.00
23.55 84.43 0.00 0.00
23.60 86.84 0.00 0.00
23.65 88.59 0.00 0.00
23.70 89.65 0.00 0.00
23.75 90.00 0.00 0.00
23.80 89.65 0.00 0.00
23.85 88.59 0.00 0.00
23.90 86.84 0.00 0.00
23.95 84.43 0.00 0.00
24.00 81.41 0.00 0.00
24.05 77.80 0.00 0.00
24.10 73.68 0.00 0.00
24.15 69.11 0.00 0.00
24.20 64.16 0.00 0.00
24.25 58.91 0.00 0.00
24.30 53.43 0.00 0.00
24.35 47.83 0.00 0.00
24.40 42.17 0.00 0.00
24.45 36.57 0.00 0.00
24.50 31.09 0.00 0.00
24.55 25.84 0.00 0.00
24.60 20.89 0.00 0.00
24.65 16.32 0.00 0.00
24.70 12.20 0.00 0.00
24.75 8.59 0.00 0.00
24.80 5.57 0.00 0.00
24.85 3.16 0.00 0.00
24.90 1.41 0.00 0.00
24.95 0.35 0.00 0.00
25.00 0.00 0.00 0.00
25.05 0.35 0.00 0.00
25.10 1.41 0.00 0.00
25.15 3.16 0.00 0.00
25.20 5.57 0.00 0.00
25.25 8.59 0.00 0.00
25.30 12.20 0.00 0.00
25.35 16.32 0.00 0.00
25.40 20.89 0.00 0.00
25.45 25.84 0.00 0.00
25.50 31.09 0.00 0.00
25.55 36.57 0.00 0.00
25.60 42.17 0.00 0.00
25.65 47.83 0.00 0.00
25.70 53.43 0.00 0.00
25.75 58.91 0.00 0.00
25.80 64.16 0.00 0.00
25.85 69.11 0.00 0.00
25.90 73.68 0.00 0.00
25.95 77.80 0.00 0.00
26.00 81.41 0.00 0.00
26.05 84.43 0.00 0.00
26.10 86.84 0.00 0.00
26.15 88.59 0.00 0.00
26.20 89.65 0.00 0.00
26.25 90.00 0.00 0.00
26.30 89.65 0.00 0.00
26.35 88.59 0.00 0.00
26.40 86.84 0.00 0.00
26.45 84.43 0.00 0.00
26.50 81.41 0.00 0.00
26.55 77.80 0.00 0.00
26.60 73.68 0.00 0.00
26.65 69.11 0.00 0.00
26.70 64.16 0.00 0.00
26.75 58.91 0.00 0.00
26.80 53.43 0.00 0.00
26.85 47.83 0.00 0.00
26.90 42.17 0.00 0.00
26.95 36.57 0.00 0.00
27.00 31.09 0.00 0.00
27.05 25.84 0.00 0.00
27.10 20.89 0.00 0.00
27.15 16.32 0.00 0.00
27.20 12.20 0.00 0.00
27.25 8.59 0.00 0.00
27.30 5.57 0.00 0.00
27.35 3.16 0.00 0.00
27.40 1.41 0.00 0.00
27.45 0.35 0.00 0.00
27.50 0.00 0.00 0.00
27.55 0.35 0.00 0.00
27.60 1.41 0.00 0.00
27.65 3.16 0.00 0.00
27.70 5.57 0.00 0.00
27.75 8.59 0.00 0.00
27.80 12.20 0.00 0.00
27.85 16.32 0.00 0.00
27.90 20.89 0.00 0.00
27.95 25.84 0.00 0.00
28.00 31.09 0.00 0.00
28.05 36.57 0.00 0.00
28.10 42.17 0.00 0.00
28.15 47.83 0.00 0.00
28.20 53.43 0.00 0.00
28.25 58.91 0.00 0.00
28.30 64.16 0.00 0.00
28.35 69.11 0.00 0.00
28.40 73.68 0.00 0.00
28.45 77.80 0.00 0.00
28.50 81.41 0.00 0.00
28.55 84.43 0.00 0.00
28.60 86.84 0.00 0.00
28.65 88.59 0.00 0.00
28.70 89.65 0.00 0.00
28.75 90.00 0.00 0.00
28.80 89.65 0.00 0.00
28.85 88.59 0.00 0.00
28.90 86.84 0.00 0.00
28.95 84.43 0.00 0.00
29.00 81.41 0.00 0.00
29.05 77.80 0.00 0.00
29.10 73.68 0.00 0.00
29.15 69.11 0.00 0.00
29.20 64.16 0.00 0.00
29.25 58.91 0.00 0.00
29.30 53.43 0.00 0.00
29.35 47.83 0.00 0.00
29.40 42.17 0.00 0.00
29.45 36.57 0.00 0.00
29.50 31.09 0.00 0.00
29.55 25.84 0.00 0.00
29.60 20.89 0.00 0.00
29.65 16.32 0.00 0.00
29.70 12.20 0.00 0.00
29.75 8.59 0.00 0.00
29.80 5.57 0.00 0.00
29.85 3.16 0.00 0.00
29.90 1.41 0.00 0.00
29.95 0.35 0.00 0.00
30.00 0.00 0.00 0.00
30.05 0.35 0.00 0.00
30.10 1.41 0.00 0.00
30.15 3.16 0.00 0.00
30.20 5.57 0.00 0.00
30.25 8.59 0.00 0.00
30.30 12.20 0.00 0.00
30.35 16.32 0.00 0.00
30.40 20.89 0.00 0.00
30.45 25.84 0.00 0.00
30.50 31.09 0.00 0.00
30.55 36.57 0.00 0.00
30.60 42.17 0.00 0.00
30.65 47.83 0.00 0.00
30.70 53.43 0.00 0.00
30.75 58.91 0.00 0.00
30.80 64.16 0.00 0.00
30.85 69.11 0.00 0.00
30.90 73.68 0.00 0.00
30.95 77.80 0.00 0.00
31.00 81.41 0.00 0.00
31.05 84.43 0.00 0.00
31.10 86.84 0.00 0.00
31.15 88.59 0.00 0.00
31.20 89.65 0.00 0.00
31.25 90.00 0.00 0.00
31.30 89.65 0.00 0.00
31.35 88.59 0.00 0.00
31.40 86.84 0.00 0.00
31.45 84.43 0.00 0.00
31.50 81.41 0.00 0.00
31.55 77.80 0.00 0.00
31.60 73.68 0.00 0.00
31.65 69.11 0.00 0.00
31.70 64.16 0.00 0.00
31.75 58.91 0.00 0.00
31.80 53.43 0.00 0.00
31.85 47.83 0.00 0.00
31.90 42.17 0.00 0.00
31.95 36.57 0.00 0.00
32.00 31.09 0.00 0.00
32.05 25.84 0.00 0.00
32.10 20.89 0.00 0.00
32.15 16.32 0.00 0.00
32.20 12.20 0.00 0.00
32.25 8.59 0.00 0.00
32.30 5.57 0.00 0.00
32.35 3.16 0.00 0.00
32.40 1.41 0.00 0.00
32.45 0.35 0.00 0.00
32.50 0.00 0.00 0.00
32.55 0.35 0.00 0.00
32.60 1.41 0.00 0.00
32.65 3.16 0.00 0.00
32.70 5.57 0.00 0.00
32.75 8.59 0.00 0.00
32.80 12.20 0.00 0.00
32.85 16.32 0.00 0.00
32.90 20.89 0.00 0.00
32.95 25.84 0.00 0.00
33.00 31.09 0.00 0.00
33.05 36.57 0.00 0.00
33.10 42.17 0.00 0.00
33.15 47.83 0.00 0.00
33.20 53.43 0.00 0.00
33.25 58.91 0.00 0.00
33.30 64.16 0.00 0.00
33.35 69.11 0.00 0.00
33.40 73.68 0.00 0.00
33.45 77.80 0.00 0.00
33.50 81.41 0.00 0.00
33.55 84.43 0.00 0.00
33.60 86.84 0.00 0.00
33.65 88.59 0.00 0.00
33.70 89.65 0.00 0.00
33.75 90.00 0.00 0.00
33.80 89.65 0.00 0.00
33.85 88.59 0.00 0.00
33.90 86.84 0.00 0.00
33.95 84.43 0.00 0.00
34.00 81.41 0.00 0.00
34.05 77.80 0.00 0.00
34.10 73.68 0.00 0.00
34.15 69.11 0.00 0.00
34.20 64.16 0.00 0.00
34.25 58.91 0.00 0.00
34.30 53.43 0.00 0.00
34.35 47.83 0.00 0.00
34.40 42.17 0.00 0.00
34.45 36.57 0.00 0.00
34.50 31.09 0.00 0.00
34.55 25.84 0.00 0.00
34.60 20.89 0.00 0.00
34.65 16.32 0.00 0.00
34.70 12.20 0.00 0.00
34.75 8.59 0.00 0.00
34.80 5.57 0.00 0.00
34.85 3.16 0.00 0.00
34.90 1.41 0.00 0.00
34.95 0.35 0.00 0.00
35.00 0.00 0.00 0.00
35.05 0.35 0.00 0.00
35.10 1.41 0.00 0.00
35.15 3.16 0.00 0.00
35.20 5.57 0.00 0.00
35.25 8.59 0.00 0.00
35.30 12.20 0.00 0.00
35.35 16.32 0.00 0.00
35.40 20.89 0.00 0.00
35.45 25.84 0.00 0.00
35.50 31.09 0.00 0.00
35.55 36.57 0.00 0.00
35.60 42.17 0.00 0.00
35.65 47.83 0.00 0.00
35.70 53.43 0.00 0.00
35.75 58.91 0.00 0.00
35.80 64.16 0.00 0.00
35.85 69.11 0.00 0.00
35.90 73.68 0.00 0.00
35.95 77.80 0.00 0.00
36.00 81.41 0.00 0.00
36.05 84.43 0.00 0.00
36.10 86.84 0.00 0.00
36.15 88.59 0.00 0.00
36.20 89.65 0.00 0.00
36.25 90.00 0.00 0.00
36.30 89.65 0.00 0.00
36.35 88.59 0.00 0.00
36.40 86.84 0.00 0.00
36.45 84.43 0.00 0.00
36.50 81.41 0.00 0.00
36.55 77.80 0.00 0.00
36.60 73.68 0.00 0.00
36.65 69.11 0.00 0.00
36.70 64.16 0.00 0.00
36.75 58.91 0.00 0.00
36.80 53.43 0.00 0.00
36.85 47.83 0.00 0.00
36.90 42.17 0.00 0.00
36.95 36.57 0.00 0.00
37.00 31.09 0.00 0.00
37.05 25.84 0.00 0.00
37.10 20.89 0.00 0.00
37.15 16.32 0.00 0.00
37.20 12.20 0.00 0.00
37.25 8.59 0.00 0.00
37.30 5.57 0.00 0.00
37.35 3.16 0.00 0.00
37.40 1.41 0.00 0.00
37.45 0.35 0.00 0.00
37.50 0.00 0.00 0.00
37.55 0.35 0.00 0.00
37.60 1.41 0.00 0.00
37.65 3.16 0.00 0.00
37.70 5.57 0.00 0.00
37.75 8.59 0.00 0.00
37.80 12.20 0.00 0.00
37.85 16.32 0.00 0.00
37.90 20.89 0.00 0.00
37.95 25.84 0.00 0.00
38.00 31.09 0.00 0.00
38.05 36.57 0.00 0.00
38.10 42.17 0.00 0.00
38.15 47.83 0.00 0.00
38.20 53.43 0.00 0.00
38.25 58.91 0.00 0.00
38.30 64.16 0.00 0.00
38.35 69.11 0.00 0.00
38.40 73.68 0.00 0.00
38.45 77.80 0.00 0.00
38.50 81.41 0.00 0.00
38.55 84.43 0.00 0.00
38.60 86.84 0.00 0.00
38.65 88.59 0.00 0.00
38.70 89.65 0.00 0.00
38.75 90.00 0.00 0.00
38.80 89.65 0.00 0.00
38.85 88.59 0.00 0.00
38.90 86.84 0.00 0.00
38.95 84.43 0.00 0.00
39.00 81.41 0.00 0.00
39.05 77.80 0.00 0.00
39.10 73.68 0.00 0.00
39.15 69.11 0.00 0.00
39.20 64.16 0.00 0.00
39.25 58.91 0.00 0.00
39.30 53.43 0.00 0.00
39.35 47.83 0.00 0.00
39.40 42.17 0.00 0.00
39.45 36.57 0.00 0.00
39.50 31.09 0.00 0.00
39.55 25.84 0.00 0.00
39.60 20.89 0.00 0.00
39.65 16.32 0.00 0.00
39.70 12.20 0.00 0.00
39.75 8.59 0.00 0.00
39.80 5.57 0.00 0.00
39.85 3.16 0.00 0.00
39.90 1.41 0.00 0.00
39.95 0.35 0.00 0.00
40.00 0.00 0.00 0.00
40.05 0.35 0.00 0.00
40.10 1.41 0.00 0.00
40.15 3.16 0.00 0.00
40.20 5.57 0.00 0.00
40.25 8.59 0.00 0.00
40.30 12.20 0.00 0.00
40.35 16.32 0.00 0.00
40.40 20.89 0.00 0.00
40.45 25.84 0.00 0.00
40.50 31.09 0.00 0.00
40.55 36.57 0.00 0.00
40.60 42.17 0.00 0.00
40.65 47.83 0.00 0.00
40.70 53.43 0.00 0.00
40.75 58.91 0.00 0.00
40.80 64.16 0.00 0.00
40.85 69.11 0.00 0.00
40.90 73.68 0.00 0.00
40.95 77.80 0.00 0.00
41.00 81.41 0.00 0.00
41.05 84.43 0.00 0.00
41.10 86.84 0.00 0.00
41.15 88.59 0.00 0.00
41.20 89.65 0.00 0.00
41.25 90.00 0.00 0.00
41.30 89.65 0.00 0.00
41.35 88.59 0.00 0.00
41.40 86.84 0.00 0.00
41.45 84.43 0.00 0.00
41.50 81.41 0.00 0.00
41.55 77.80 0.00 0.00
41.60 73.68 0.00 0.00
41.65 69.11 0.00 0.00
41.70 64.16 0.00 0.00
41.75 58.91 0.00 0.00
41.80 53.43 0.00 0.00
41.85 47.83 0.00 0.00
41.90 42.17 0.00 0.00
41.95 36.57 0.00 0.00
42.00 31.09 0.00 0.00
42.05 25.84 0.00 0.00
42.10 20.89 0.00 0.00
42.15 16.32 0.00 0.00
42.20 12.20 0.00 0.00
42.25 8.59 0.00 0.00
42.30 5.57 0.00 0.00
42.35 3.16 0.00 0.00
42.40 1.41 0.00 0.00
42.45 0.35 0.00 0.00
42.50 0.00 0.00 0.00
42.55 0.35 0.00 0.00
42.60 1.41 0.00 0.00
42.65 3.16 0.00 0.00
42.70 5.57 0.00 0.00
42.75 8.59 0.00 0.00
42.80 12.20 0.00 0.00
42.85 16.32 0.00 0.00
42.90 20.89 0.00 0.00
42.95 25.84 0.00 0.00
43.00 31.09 0.00 0.00
43.05 36.57 0.00 0.00
43.10 42.17 0.00 0.00
43.15 47.83 0.00 0.00
43.20 53.43 0.00 0.00
43.25 58.91 0.00 0.00
43.30 64.16 0.00 0.00
43.35 69.11 0.00 0.00
43.40 73.68 0.00 0.00
43.45 77.80 0.00 0.00
43.50 81.41 0.00 0.00
43.55 84.43 0.00 0.00
43.60 86.84 0.00 0.00
43.65 88.59 0.00 0.00
43.70 89.65 0.00 0.00
43.75 90.00 0.00 0.00
43.80 89.65 0.00 0.00
43.85 88.59 0.00 0.00
43.90 86.84 0.00 0.00
43.95 84.43 0.00 0.00
44.00 81.41 0.00 0.00
44.05 77.80 0.00 0.00
44.10 73.68 0.00 0.00
44.15 69.11 0.00 0.00
44.20 64.16 0.00 0.00
44.25 58.91 0.00 0.00
44.30 53.43 0.00 0.00
44.35 47.83 0.00 0.00
44.40 42.17 0.00 0.00
44.45 36.57 0.00 0.00
44.50 31.09 0.00 0.00
44.55 25.84 0.00 0.00
44.60 20.89 0.00 0.00
44.65 16.32 0.00 0.00
44.70 12.20 0.00 0.00
44.75 8.59 0.00 0.00
44.80 5.57 0.00 0.00
44.85 3.16 0.00 0.00
44.90 1.41 0.00 0.00
44.95 0.35 0.00 0.00
45.00 0.00 0.00 0.00
45.05 0.35 0.00 0.00
45.10 1.41 0.00 0.00
45.15 3.16 0.00 0.00
45.20 5.57 0.00 0.00
45.25 8.59 0.00 0.00
45.30 12.20 0.00 0.00
45.35 16.32 0.00 0.00
45.40 20.89 0.00 0.00
45.45 25.84 0.00 0.00
45.50 31.09 0.00 0.00
45.55 36.57 0.00 0.00
45.60 42.17 0.00 0.00
45.65 47.83 0.00 0.00
45.70 53.43 0.00 0.00
45.75 58.91 0.00 0.00
45.80 64.16 0.00 0.00
45.85 69.11 0.00 0.00
45.90 73.68 0.00 0.00
45.95 77.80 0.00 0.00
46.00 81.41 0.00 0.00
46.05 84.43 0.00 0.00
46.10 86.84 0.00 0.00
46.15 88.59 0.00 0.00
46.20 89.65 0.00 0.00
46.25 90.00 0.00 0.00
46.30 89.65 0.00 0.00
46.35 88.59 0.00 0.00
46.40 86.84 0.00 0.00
46.45 84.43 0.00 0.00
46.50 81.41 0.00 0.00
46.55 77.80 0.00 0.00
46.60 73.68 0.00 0.00
46.65 69.11 0.00 0.00
46.70 64.16 0.00 0.00
46.75 58.91 0.00 0.00
46.80 53.43 0.00 0.00
46.85 47.83 0.00 0.00
46.90 42.17 0.00 0.00
46.95 36.57 0.00 0.00
47.00 31.09 0.00 0.00
47.05 25.84 0.00 0.00
47.10 20.89 0.00 0.00
47.15 16.32 0.00 0.00
47.20 12.20 0.00 0.00
47.25 8.59 0.00 0.00
47.30 5.57 0.00 0.00
47.35 3.16 0.00 0.00
47.40 1.41 0.00 0.00
47.45 0.35 0.00 0.00
47.50 0.00 0.00 0.00
47.55 0.35 0.00 0.00
47.60 1.41 0.00 0.00
47.65 3.16 0.00 0.00
47.70 5.57 0.00 0.00
47.75 8.59 0.00 0.00
47.80 12.20 0.00 0.00
47.85 16.32 0.00 0.00
47.90 20.89 0.00 0.00
47.95 25.84 0.00 0.00
48.00 31.09 0.00 0.00
48.05 36.57 0.00 0.00
48.10 42.17 0.00 0.00
48.15 47.83 0.00 0.00
48.20 53.43 0.00 0.00
48.25 58.91 0.00 0.00
48.30 64.16 0.00 0.00
48.35 69.11 0.00 0.00
48.40 73.68 0.00 0.00
48.45 77.80 0.00 0.00
48.50 81.41 0.00 0.00
48.55 84.43 0.00 0.00
48.60 86.84 0.00 0.00
48.65 88.59 0.00 0.00
48.70 89.65 0.00 0.00
48.75 90.00 0.00 0.00
48.80 89.65 0.00 0.00
48.85 88.59 0.00 0.00
48.90 86.84 0.00 0.00
48.95 84.43 0.00 0.00
49.00 81.41 0.00 0.00
49.05 77.80 0.00 0.00
49.10 73.68 0.00 0.00
49.15 69.11 0.00 0.00
49.20 64.16 0.00 0.00
49.25 58.91 0.00 0.00
49.30 53.43 0.00 0.00
49.35 47.83 0.00 0.00
49.40 42.17 0.00 0.00
49.45 36.57 0.00 0.00
49.50 31.09 0.00 0.00
49.55 25.84 0.00 0.00
49.60 20.89 0.00 0.00
49.65 16.32 0.00 0.00
49.70 12.20 0.00 0.00
49.75 8.59 0.00 0.00
49.80 5.57 0.00 0.00
49.85 3.16 0.00 0.00
49.90 1.41 0.00 0.00
49.95 0.35 0.00 0.00
50.00 0.00 0.00 0.00
50.05 0.35 0.00 0.00
50.10 1.41 0.00 0.00
50.15 3.16 0.00 0.00
50.20 5.57 0.00 0.00
50.25 8.59 0.00 0.00
50.30 12.20 0.00 0.00
50.35 16.32 0.00 0.00
50.40 20.89 0.00 0.00
50.45 25.84 0.00 0.00
50.50 31.09 0.00 0.00
50.55 36.57 0.00 0.00
50.60 42.17 0.00 0.00
50.65 47.83 0.00 0.00
50.70 53.43 0.00 0.00
50.75 58.91 0.00 0.00
50.80 64.16 0.00 0.00
50.85 69.11 0.00 0.00
50.90 73.68 0.00 0.00
50.95 77.80 0.00 0.00
51.00 81.41 0.00 0.00
51.05 84.43 0.00 0.00
51.10 86.84 0.00 0.00
51.15 88.59 0.00 0.00
51.20 89.65 0.00 0.00
51.25 90.00 0.00 0.00
51.30 89.65 0.00 0.00
51.35 88.59 0.00 0.00
51.40 86.84 0.00 0.00
51.45 84.43 0.00 0.00
51.50 81.41 0.00 0.00
51.55 77.80 0.00 0.00
51.60 73.68 0.00 0.00
51.65 69.11 0.00 0.00
51.70 64.16 0.00 0.00
51.75 58.91 0.00 0.00
51.80 53.43 0.00 0.00
51.85 47.83 0.00 0.00
51.90 42.17 0.00 0.00
51.95 36.57 0.00 0.00
52.00 31.09 0.00 0.00
52.05 25.84 0.00 0.00
52.10 20.89 0.00 0.00
52.15 16.32 0.00 0.00
52.20 12.20 0.00 0.00
52.25 8.59 0.00 0.00
52.30 5.57 0.00 0.00
52.35 3.16 0.00 0.00
52.40 1.41 0.00 0.00
52.45 0.35 0.00 0.00
52.50 0.00 0.00 0.00
52.55 0.35 0.00 0.00
52.60 1.41 0.00 0.00
52.65 3.16 0.00 0.00
52.70 5.57 0.00 0.00
52.75 8.59 0.00 0.00
52.80 12.20 0.00 0.00
52.85 16.32 0.00 0.00
52.90 20.89 0.00 0.00
52.95 25.84 0.00 0.00
53.00 31.09 0.00 0.00
53.05 36.57 0.00 0.00
53.10 42.17 0.00 0.00
53.15 47.83 0.00 0.00
53.20 53.43 0.00 0.00
53.25 58.91 0.00 0.00
53.30 64.16 0.00 0.00
53.35 69.11 0.00 0.00
53.40 73.68 0.00 0.00
53.45 77.80 0.00 0.00
53.50 81.41 0.00 0.00
53.55 84.43 0.00 0.00
53.60 86.84 0.00 0.00
53.65 88.59 0.00 0.00
53.70 89.65 0.00 0.00
53.75 90.00 0.00 0.00
53.80 89.65 0.00 0.00
53.85 88.59 0.00 0.00
53.90 86.84 0.00 0.00
53.95 84.43 0.00 0.00
54.00 81.41 0.00 0.00
54.05 77.80 0.00 0.00
54.10 73.68 0.00 0.00
54.15 69.11 0.00 0.00
54.20 64.16 0.00 0.00
54.25 58.91 0.00 0.00
54.30 53.43 0.00 0.00
54.35 47.83 0.00 0.00
54.40 42.17 0.00 0.00
54.45 36.57 0.00 0.00
54.50 31.09 0.00 0.00
54.55 25.84 0.00 0.00
54.60 20.89 0.00 0.00
54.65 16.32 0.00 0.00
54.70 12.20 0.00 0.00
54.75 8.59 0.00 0.00
54.80 5.57 0.00 0.00
54.85 3.16 0.00 0.00
54.90 1.41 0.00 0.00
54.95 0.35 0.00 0.00
55.00 0.00 0.00 0.00
55.05 0.35 0.00 0.00
55.10 1.41 0.00 0.00
55.15 3.16 0.00 0.00
55.20 5.57 0.00 0.00
55.25 8.59 0.00 0.00
55.30 12.20 0.00 0.00
55.35 16.32 0.00 0.00
55.40 20.89 0.00 0.00
55.45 25.84 0.00 0.00
55.50 31.09 0.00 0.00
55.55 36.57 0.00 0.00
55.60 42.17 0.00 0.00
55.65 47.83 0.00 0.00
55.70 53.43 0.00 0.00
55.75 58.91 0.00 0.00
55.80 64.16 0.00 0.00
55.85 69.11 0.00 0.00
55.90 73.68 0.00 0.00
55.95 77.80 0.00 0.00
56.00 81.41 0.00 0.00
56.05 84.43 0.00 0.00
56.10 86.84 0.00 0.00
56.15 88.59 0.00 0.00
56.20 89.65 0.00 0.00
56.25 90.00 0.00 0.00
56.30 89.65 0.00 0.00
56.35 88.59 0.00 0.00
56.40 86.84 0.00 0.00
56.45 84.43 0.00 0.00
56.50 81.41 0.00 0.00
56.55 77.80 0.00 0.00
56.60 73.68 0.00 0.00
56.65 69.11 0.00 0.00
56.70 64.16 0.00 0.00
56.75 58.91 0.00 0.00
56.80 53.43 0.00 0.00
56.85 47.83 0.00 0.00
56.90 42.17 0.00 0.00
56.95 36.57 0.00 0.00
57.00 31.09 0.00 0.00
57.05 25.84 0.00 0.00
57.10 20.89 0.00 0.00
57.15 16.32 0.00 0.00
57.20 12.20 0.00 0.00
57.25 8.59 0.00 0.00
57.30 5.57 0.00 0.00
57.35 3.16 0.00 0.00
57.40 1.41 0.00 0.00
57.45 0.35 0.00 0.00
57.50 0.00 0.00 0.00
57.55 0.35 0.00 0.00
57.60 1.41 0.00 0.00
57.65 3.16 0.00 0.00
57.70 5.57 0.00 0.00
57.75 8.59 0.00 0.00
57.80 12.20 0.00 0.00
57.85 16.32 0.00 0.00
57.90 20.89 0.00 0.00
57.95 25.84 0.00 0.00
58.00 31.09 0.00 0.00
58.05 36.57 0.00 0.00
58.10 42.17 0.00 0.00
58.15 47.83 0.00 0.00
58.20 53.43 0.00 0.00
58.25 58.91 0.00 0.00
58.30 64.16 0.00 0.00
58.35 69.11 0.00 0.00
58.40 73.68 0.00 0.00
58.45 77.80 0.00 0.00
58.50 81.41 0.00 0.00
58.55 84.43 0.00 0.00
58.60 86.84 0.00 0.00
58.65 88.59 0.00 0.00
58.70 89.65 0.00 0.00
58.75 90.00 0.00 0.00
58.80 89.65 0.00 0.00
58.85 88.59 0.00 0.00
58.90 86.84 0.00 0.00
58.95 84.43 0.00 0.00
59.00 81.41 0.00 0.00
59.05 77.80 0.00 0.00
59.10 73.68 0.00 0.00
59.15 69.11 0.00 0.00
59.20 64.16 0.00 0.00
59.25 58.91 0.00 0.00
59.30 53.43 0.00 0.00
59.35 47.83 0.00 0.00
59.40 42.17 0.00 0.00
59.45 36.57 0.00 0.00
59.50 31.09 0.00 0.00
59.55 25.84 0.00 0.00
59.60 20.89 0.00 0.00
59.65 16.32 0.00 0.00
59.70 12.20 0.00 0.00
59.75 8.59 0.00 0.00
59.80 5.57 0.00 0.00
59.85 3.16 0.00 0.00
59.90 1.41 0.00 0.00
59.95 0.35 0.00 0.00
60.00 0.00 0.00 0.00
60.05 0.35 0.00 0.00
60.10 1.41 0.00 0.00
60.15 3.16 0.00 0.00
60.20 5.57 0.00 0.00
60.25 8.59 0.00 0.00
60.30 12.20 0.00 0.00
60.35 16.32 0.00 0.00
60.40 20.89 0.00 0.00
60.45 25.84 0.00 0.00
60.50 31.09 0.00 0.00
60.55 36.57 0.00 0.00
60.60 42.17 0.00 0.00
60.65 47.83 0.00 0.00
60.70 53.43 0.00 0.00
60.75 58.91 0.00 0.00
60.80 64.16 0.00 0.00
60.85 69.11 0.00 0.00
60.90 73.68 0.00 0.00
60.95 77.80 0.00 0.00
61.00 81.41 0.00 0.00
61.05 84.43 0.00 0.00
61.10 86.84 0.00 0.00
61.15 88.59 0.00 0.00
61.20 89.65 0.00 0.00
61.25 90.00 0.00 0.00
61.30 89.65 0.00 0.00
61.35 88.59 0.00 0.00
61.40 86.84 0.00 0.00
61.45 84.43 0.00 0.00
61.50 81.41 0.00 0.00
61.55 77.80 0.00 0.00
61.60 73.68 0.00 0.00
61.65 69.11 0.00 0.00
61.70 64.16 0.00 0.00
61.75 58.91 0.00 0.00
61.80 53.43 0.00 0.00
61.85 47.83 0.00 0.00
61.90 42.17 0.00 0.00
61.95 36.57 0.00 0.00
62.00 31.09 0.00 0.00
62.05 25.84 0.00 0.00
62.10 20.89 0.00 0.00
62.15 16.32 0.00 0.00
62.20 12.20 0.00 0.00
62.25 8.59 0.00 0.00
62.30 5.57 0.00 0.00
62.35 3.16 0.00 0.00
62.40 1.41 0.00 0.00
62.45 0.35 0.00 0.00
62.50 0.00 0.00 0.00
62.55 0.35 0.00 0.00
62.60 1.41 0.00 0.00
62.65 3.16 0.00 0.00
62.70 5.57 0.00 0.00
62.75 8.59 0.00 0.00
62.80 12.20 0.00 0.00
62.85 16.32 0.00 0.00
62.90 20.89 0.00 0.00
62.95 25.84 0.00 0.00
63.00 31.09 0.00 0.00
63.05 36.57 0.00 0.00
63.10 42.17 0.00 0.00
63.15 47.83 0.00 0.00
63.20 53.43 0.00 0.00
63.25 58.91 0.00 0.00
63.30 64.16 0.00 0.00
63.35 69.11 0.00 0.00
63.40 73.68 0.00 0.00
63.45 77.80 0.00 0.00
63.50 81.41 0.00 0.00
63.55 84.43 0.00 0.00
63.60 86.84 0.00 0.00
63.65 88.59 0.00 0.00
63.70 89.65 0.00 0.00
63.75 90.00 0.00 0.00
63.80 89.65 0.00 0.00
63.85 88.59 0.00 0.00
63.90 86.84 0.00 0.00
63.95 84.43 0.00 0.00
64.00 81.41 0.00 0.00
64.05 77.80 0.00 0.00
64.10 73.68 0.00 0.00
64.15 69.11 0.00 0.00
64.20 64.16 0.00 0.00
64.25 58.91 0.00 0.00
64.30 53.43 0.00 0.00
64.35 47.83 0.00 0.00
64.40 42.17 0.00 0.00
64.45 36.57 0.00 0.00
64.50 31.09 0.00 0.00
64.55 25.84 0.00 0.00
64.60 20.89 0.00 0.00
64.65 16.32 0.00 0.00
64.70 12.20 0.00 0.00
64.75 8.59 0.00 0.00
64.80 5.57 0.00 0.00
64.85 3.16 0.00 0.00
64.90 1.41 0.00 0.00
64.95 0.35 0.00 0.00
65.00 0.00 0.00 0.00
65.05 0.35 0.00 0.00
65.10 1.41 0.00 0.00
65.15 3.16 0.00 0.00
65.20 5.57 0.00 0.00
65.25 8.59 0.00 0.00
65.30 12.20 0.00 0.00
65.35 16.32 0.00 0.00
65.40 20.89 0.00 0.00
65.45 25.84 0.00 0.00
65.50 31.09 0.00 0.00
65.55 36.57 0.00 0.00
65.60 42.17 0.00 0.00
65.65 47.83 0.00 0.00
65.70 53.43 0.00 0.00
65.75 58.91 0.00 0.00
65.80 64.16 0.00 0.00
65.85 69.11 0.00 0.00
65.90 73.68 0.00 0.00
65.95 77.80 0.00 0.00
66.00 81.41 0.00 0.00
66.05 84.43 0.00 0.00
66.10 86.84 0.00 0.00
66.15 88.59 0.00 0.00
66.20 89.65 0.00 0.00
66.25 90.00 0.00 0.00
66.30 89.65 0.00 0.00
66.35 88.59 0.00 0.00
66.40 86.84 0.00 0.00
66.45 84.43 0.00 0.00
66.50 81.41 0.00 0.00
66.55 77.80 0.00 0.00
66.60 73.68 0.00 0.00
66.65 69.11 0.00 0.00
66.70 64.16 0.00 0.00
66.75 58.91 0.00 0.00
66.80 53.43 0.00 0.00
66.85 47.83 0.00 0.00
66.90 42.17 0.00 0.00
66.95 36.57 0.00 0.00
67.00 31.09 0.00 0.00
67.05 25.84 0.00 0.00
67.10 20.89 0.00 0.00
67.15 16.32 0.00 0.00
67.20 12.20 0.00 0.00
67.25 8.59 0.00 0.00
67.30 5.57 0.00 0.00
67.35 3.16 0.00 0.00
67.40 1.41 0.00 0.00
67.45 0.35 0.00 0.00
67.50 0.00 0.00 0.00
67.55 0.35 0.00 0.00
67.60 1.41 0.00 0.00
67.65 3.16 0.00 0.00
67.70 5.57 0.00 0.00
67.75 8.59 0.00 0.00
67.80 12.20 0.00 0.00
67.85 16.32 0.00 0.00
67.90 20.89 0.00 0.00
67.95 25.84 0.00 0.00
68.00 31.09 0.00 0.00
68.05 36.57 0.00 0.00
68.10 42.17 0.00 0.00
68.15 47.83 0.00 0.00
68.20 53.43 0.00 0.00
68.25 58.91 0.00 0.00
68.30 64.16 0.00 0.00
68.35 69.11 0.00 0.00
68.40 73.68 0.00 0.00
68.45 77.80 0.00 0.00
68.50 81.41 0.00 0.00
68.55 84.43 0.00 0.00
68.60 86.84 0.00 0.00
68.65 88.59 0.00 0.00
68.70 89.65 0.00 0.00
68.75 90.00 0.00 0.00
68.80 89.65 0.00 0.00
68.85 88.59 0.00 0.00
68.90 86.84 0.00 0.00
68.95 84.43 0.00 0.00
69.00 81.41 0.00 0.00
69.05 77.80 0.00 0.00
69.10 73.68 0.00 0.00
69.15 69.11 0.00 0.00
69.20 64.16 0.00 0.00
69.25 58.91 0.00 0.00
69.30 53.43 0.00 0.00
69.35 47.83 0.00 0.00
69.40 42.17 0.00 0.00
69.45 36.57 0.00 0.00
69.50 31.09 0.00 0.00
69.55 25.84 0.00 0.00
69.60 20.89 0.00 0.00
69.65 16.32 0.00 0.00
69.70 12.20 0.00 0.00
69.75 8.59 0.00 0.00
69.80 5.57 0.00 0.00
69.85 3.16 0.00 0.00
69.90 1.41 0.00 0.00
69.95 0.35 0.00 0.00
70.00 0.00 0.00 0.00
70.05 0.35 0.00 0.00
70.10 1.41 0.00 0.00
70.15 3.16 0.00 0.00
70.20 5.57 0.00 0.00
70.25 8.59 0.00 0.00
70.30 12.20 0.00 0.00
70.35 16.32 0.00 0.00
70.40 20.89 0.00 0.00
70.45 25.84 0.00 0.00
70.50 31.09 0.00 0.00
70.55 36.57 0.00 0.00
70.60 42.17 0.00 0.00
70.65 47.83 0.00 0.00
70.70 53.43 0.00 0.00
70.75 58.91 0.00 0.00
70.80 64.16 0.00 0.00
70.85 69.11 0.00 0.00
70.90 73.68 0.00 0.00
70.95 77.80 0.00 0.00
71.00 81.41 0.00 0.00
71.05 84.43 0.00 0.00
71.10 86.84 0.00 0.00
71.15 88.59 0.00 0.00
71.20 89.65 0.00 0.00
71.25 90.00 0.00 0.00
71.30 89.65 0.00 0.00
71.35 88.59 0.00 0.00
71.40 86.84 0.00 0.00
71.45 84.43 0.00 0.00
71.50 81.41 0.00 0.00
71.55 77.80 0.00 0.00
71.60 73.68 0.00 0.00
71.65 69.11 0.00 0.00
71.70 64.16 0.00 0.00
71.75 58.91 0.00 0.00
71.80 53.43 0.00 0.00
71.85 47.83 0.00 0.00
71.90 42.17 0.00 0.00
71.95 36.57 0.00 0.00
72.00 31.09 0.00 0.00
72.05 25.84 0.00 0.00
72.10 20.89 0.00 0.00
72.15 16.32 0.00 0.00
72.20 12.20 0.00 0.00
72.25 8.59 0.00 0.00
72.30 5.57 0.00 0.00
72.35 3.16 0.00 0.00
72.40 1.41 0.00 0.00
72.45 0.35 0.00 0.00
72.50 0.00 0.00 0.00
72.55 0.35 0.00 0.00
72.60 1.41 0.00 0.00
72.65 3.16 0.00 0.00
72.70 5.57 0.00 0.00
72.75 8.59 0.00 0.00
72.80 12.20 0.00 0.00
72.85 16.32 0.00 0.00
72.90 20.89 0.00 0.00
72.95 25.84 0.00 0.00
73.00 31.09 0.00 0.00
73.05 36.57 0.00 0.00
73.10 42.17 0.00 0.00
73.15 47.83 0.00 0.00
73.20 53.43 0.00 0.00
73.25 58.91 0.00 0.00
73.30 64.16 0.00 0.00
73.35 69.11 0.00 0.00
73.40 73.68 0.00 0.00
73.45 77.80 0.00 0.00
73.50 81.41 0.00 0.00
73.55 84.43 0.00 0.00
73.60 86.84 0.00 0.00
73.65 88.59 0.00 0.00
73.70 89.65 0.00 0.00
73.75 90.00 0.00 0.00
73.80 89.65 0.00 0.00
73.85 88.59 0.00 0.00
73.90 86.84 0.00 0.00
73.95 84.43 0.00 0.00
74.00 81.41 0.00 0.00
74.05 77.80 0.00 0.00
74.10 73.68 0.00 0.00
74.15 69.11 0.00 0.00
74.20 64.16 0.00 0.00
74.25 58.91 0.00 0.00
74.30 53.43 0.00 0.00
74.35 47.83 0.00 0.00
74.40 42.17 0.00 0.00
74.45 36.57 0.00 0.00
74.50 31.09 0.00 0.00
74.55 25.84 0.00 0.00
74.60 20.89 0.00 0.00
74.65 16.32 0.00 0.00
74.70 12.20 0.00 0.00
74.75 8.59 0.00 0.00
74.80 5.57 0.00 0.00
74.85 3.16 0.00 0.00
74.90 1.41 0.00 0.00
74.95 0.35 0.00 0.00
75.00 0.00 0.00 0.00
75.05 0.35 0.00 0.00
75.10 1.41 0.00 0.00
75.15 3.16 0.00 0.00
75.20 5.57 0.00 0.00
75.25 8.59 0.00 0.00
75.30 12.20 0.00 0.00
75.35 16.32 0.00 0.00
75.40 20.89 0.00 0.00
75.45 25.84 0.00 0.00
75.50 31.09 0.00 0.00
75.55 36.57 0.00 0.00
75.60 42.17 0.00 0.00
75.65 47.83 0.00 0.00
75.70 53.43 0.00 0.00
75.75 58.91 0.00 0.00
75.80 64.16 0.00 0.00
75.85 69.11 0.00 0.00
75.90 73.68 0.00 0.00
75.95 77.80 0.00 0.00
76.00 81.41 0.00 0.00
76.05 84.43 0.00 0.00
76.10 86.84 0.00 0.00
76.15 88.59 0.00 0.00
76.20 89.65 0.00 0.00
76.25 90.00 0.00 0.00
76.30 89.65 0.00 0.00
76.35 88.59 0.00 0.00
76.40 86.84 0.00 0.00
76.45 84.43 0.00 0.00
76.50 81.41 0.00 0.00
76.55 77.80 0.00 0.00
76.60 73.68 0.00 0.00
76.65 69.11 0.00 0.00
76.70 64.16 0.00 0.00
76.75 58.91 0.00 0.00
76.80 53.43 0.00 0.00
76.85 47.83 0.00 0.00
76.90 42.17 0.00 0.00
76.95 36.57 0.00 0.00
77.00 31.09 0.00 0.00
77.05 25.84 0.00 0.00
77.10 20.89 0.00 0.00
77.15 16.32 0.00 0.00
77.20 12.20 0.00 0.00
77.25 8.59 0.00 0.00
77.30 5.57 0.00 0.00
77.35 3.16 0.00 0.00
77.40 1.41 0.00 0.00
77.45 0.35 0.00 0.00
77.50 0.00 0.00 0.00
77.55 0.35 0.00 0.00
77.60 1.41 0.00 0.00
77.65 3.16 0.00 0.00
77.70 5.57 0.00 0.00
77.75 8.59 0.00 0.00
77.80 12.20 0.00 0.00
77.85 16.32 0.00 0.00
77.90 20.89 0.00 0.00
77.95 25.84 0.00 0.00
78.00 31.09 0.00 0.00
78.05 36.57 0.00 0.00
78.10 42.17 0.00 0.00
78.15 47.83 0.00 0.00
78.20 53.43 0.00 0.00
78.25 58.91 0.00 0.00
78.30 64.16 0.00 0.00
78.35 69.11 0.00 0.00
78.40 73.68 0.00 0.00
78.45 77.80 0.00 0.00
78.50 81.41 0.00 0.00
78.55 84.43 0.00 0.00
78.60 86.84 0.00 0.00
78.65 88.59 0.00 0.00
78.70 89.65 0.00 0.00
78.75 90.00 0.00 0.00
78.80 89.65 0.00 0.00
78.85 88.59 0.00 0.00
78.90 86.84 0.00 0.00
78.95 84.43 0.00 0.00
79.00 81.41 0.00 0.00
79.05 77.80 0.00 0.00
79.10 73.68 0.00 0.00
79.15 69.11 0.00 0.00
79.20 64.16 0.00 0.00
79.25 58.91 0.00 0.00
79.30 53.43 0.00 0.00
79.35 47.83 0.00 0.00
79.40 42.17 0.00 0.00
79.45 36.57 0.00 0.00
79.50 31.09 0.00 0.00
79.55 25.84 0.00 0.00
79.60 20.89 0.00 0.00
79.65 16.32 0.00 0.00
79.70 12.20 0.00 0.00
79.75 8.59 0.00 0.00
79.80 5.57 0.00 0.00
79.85 3.16 0.00 0.00
79.90 1.41 0.00 0.00
79.95 0.35 0.00 0.00
80.00 0.00 0.00 0.00
80.05 0.35 0.00 0.00
80.10 1.41 0.00 0.00
80.15 3.16 0.00 0.00
80.20 5.57 0.00 0.00
80.25 8.59 0.00 0.00
80.30 12.20 0.00 0.00
80.35 16.32 0.00 0.00
80.40 20.89 0.00 0.00
80.45 25.84 0.00 0.00
80.50 31.09 0.00 0.00
80.55 36.57 0.00 0.00
80.60 42.17 0.00 0.00
80.65 47.83 0.00 0.00
80.70 53.43 0.00 0.00
80.75 58.91 0.00 0.00
80.80 64.16 0.00 0.00
80.85 69.11 0.00 0.00
80.90 73.68 0.00 0.00
80.95 77.80 0.00 0.00
81.00 81.41 0.00 0.00
81.05 84.43 0.00 0.00
81.10 86.84 0.00 0.00
81.15 88.59 0.00 0.00
81.20 89.65 0.00 0.00
81.25 90.00 0.00 0.00
81.30 89.65 0.00 0.00
81.35 88.59 0.00 0.00
81.40 86.84 0.00 0.00
81.45 84.43 0.00 0.00
81.50 81.41 0.00 0.00
81.55 77.80 0.00 0.00
81.60 73.68 0.00 0.00
81.65 69.11 0.00 0.00
81.70 64.16 0.00 0.00
81.75 58.91 0.00 0.00
81.80 53.43 0.00 0.00
81.85 47.83 0.00 0.00
81.90 42.17 0.00 0.00
81.95 36.57 0.00 0.00
82.00 31.09 0.00 0.00
82.05 25.84 0.00 0.00
82.10 20.89 0.00 0.00
82.15 16.32 0.00 0.00
82.20 12.20 0.00 0.00
82.25 8.59 0.00 0.00
82.30 5.57 0.00 0.00
82.35 3.16 0.00 0.00
82.40 1.41 0.00 0.00
82.45 0.35 0.00 0.00
82.50 0.00 0.00 0.00
82.55 0.35 0.00 0.00
82.60 1.41 0.00 0.00
82.65 3.16 0.00 0.00
82.70 5.57 0.00 0.00
82.75 8.59 0.00 0.00
82.80 12.20 0.00 0.00
82.85 16.32 0.00 0.00
82.90 20.89 0.00 0.00
82.95 25.84 0.00 0.00
83.00 31.09 0.00 0.00
83.05 36.57 0.00 0.00
83.10 42.17 0.00 0.00
83.15 47.83 0.00 0.00
83.20 53.43 0.00 0.00
83.25 58.91 0.00 0.00
83.30 64.16 0.00 0.00
83.35 69.11 0.00 0.00
83.40 73.68 0.00 0.00
83.45 77.80 0.00 0.00
83.50 81.41 0.00 0.00
83.55 84.43 0.00 0.00
83.60 86.84 0.00 0.00
83.65 88.59 0.00 0.00
83.70 89.65 0.00 0.00
83.75 90.00 0.00 0.00
83.80 89.65 0.00 0.00
83.85 88.59 0.00 0.00
83.90 86.84 0.00 0.00
83.95 84.43 0.00 0.00
84.00 81.41 0.00 0.00
84.05 77.80 0.00 0.00
84.10 73.68 0.00 0.00
84.15 69.11 0.00 0.00
84.20 64.16 0.00 0.00
84.25 58.91 0.00 0.00
84.30 53.43 0.00 0.00
84.35 47.83 0.00 0.00
84.40 42.17 0.00 0.00
84.45 36.57 0.00 0.00
84.50 31.09 0.00 0.00
84.55 25.84 0.00 0.00
84.60 20.89 0.00 0.00
84.65 16.32 0.00 0.00
84.70 12.20 0.00 0.00
84.75 8.59 0.00 0.00
84.80 5.57 0.00 0.00
84.85 3.16 0.00 0.00
84.90 1.41 0.00 0.00
84.95 0.35 0.00 0.00
85.00 0.00 0.00 0.00
85.05 0.35 0.00 0.00
85.10 1.41 0.00 0.00
85.15 3.16 0.00 0.00
85.20 5.57 0.00 0.00
85.25 8.59 0.00 0.00
85.30 12.20 0.00 0.00
85.35 16.32 0.00 0.00
85.40 20.89 0.00 0.00
85.45 25.84 0.00 0.00
85.50 31.09 0.00 0.00
85.55 36.57 0.00 0.00
85.60 42.17 0.00 0.00
85.65 47.83 0.00 0.00
85.70 53.43 0.00 0.00
85.75 58.91 0.00 0.00
85.80 64.16 0.00 0.00
85.85 69.11 0.00 0.00
85.90 73.68 0.00 0.00
85.95 77.80 0.00 0.00
86.00 81.41 0.00 0.00
86.05 84.43 0.00 0.00
86.10 86.84 0.00 0.00
86.15 88.59 0.00 0.00
86.20 89.65 0.00 0.00
86.25 90.00 0.00 0.00
86.30 89.65 0.00 0.00
86.35 88.59 0.00 0.00
86.40 86.84 0.00 0.00
86.45 84.43 0.00 0.00
86.50 81.41 0.00 0.00
86.55 77.80 0.00 0.00
86.60 73.68 0.00 0.00
86.65 69.11 0.00 0.00
86.70 64.16 0.00 0.00
86.75 58.91 0.00 0.00
86.80 53.43 0.00 0.00
86.85 47.83 0.00 0.00
86.90 42.17 0.00 0.00
86.95 36.57 0.00 0.00
87.00 31.09 0.00 0.00
87.05 25.84 0.00 0.00
87.10 20.89 0.00 0.00
87.15 16.32 0.00 0.00
87.20 12.20 0.00 0.00
87.25 8.59 0.00 0.00
87.30 5.57 0.00 0.00
87.35 3.16 0.00 0.00
87.40 1.41 0.00 0.00
87.45 0.35 0.00 0.00
87.50 0.00 0.00 0.00
87.55 0.35 0.00 0.00
87.60 1.41 0.00 0.00
87.65 3.16 0.00 0.00
87.70 5.57 0.00 0.00
87.75 8.59 0.00 0.00
87.80 12.20 0.00 0.00
87.85 16.32 0.00 0.00
87.90 20.89 0.00 0.00
87.95 25.84 0.00 0.00
88.00 31.09 0.00 0.00
88.05 36.57 0.00 0.00
88.10 42.17 0.00 0.00
88.15 47.83 0.00 0.00
88.20 53.43 0.00 0.00
88.25 58.91 0.00 0.00
88.30 64.16 0.00 0.00
88.35 69.11 0.00 0.00
88.40 73.68 0.00 0.00
88.45 77.80 0.00 0.00
88.50 81.41 0.00 0.00
88.55 84.43 0.00 0.00
88.60 86.84 0.00 0.00
88.65 88.59 0.00 0.00
88.70 89.65 0.00 0.00
88.75 90.00 0.00 0.00
88.80 89.65 0.00 0.00
88.85 88.59 0.00 0.00
88.90 86.84 0.00 0.00
88.95 84.43 0.00 0.00
89.00 81.41 0.00 0.00
89.05 77.80 0.00 0.00
89.10 73.68 0.00 0.00
89.15 69.11 0.00 0.00
89.20 64.16 0.00 0.00
89.25 58.91 0.00 0.00
89.30 53.43 0.00 0.00
89.35 47.83 0.00 0.00
89.40 42.17 0.00 0.00
89.45 36.57 0.00 0.00
89.50 31.09 0.00 0.00
89.55 25.84 0.00 0.00
89.60 20.89 0.00 0.00
89.65 16.32 0.00 0.00
89.70 12.20 0.00 0.00
89.75 8.59 0.00 0.00
89.80 5.57 0.00 0.00
89.85 3.16 0.00 0.00
89.90 1.41 0.00 0.00
89.95 0.35 0.00 0.00
90.00 0.00 0.00 0.00
90.05 0.35 0.00 0.00
90.10 1.41 0.00 0.00
90.15 3.16 0.00 0.00
90.20 5.57 0.00 0.00
90.25 8.59 0.00 0.00
90.30 12.20 0.00 0.00
90.35 16.32 0.00 0.00
90.40 20.89 0.00 0.00
90.45 25.84 0.00 0.00
90.50 31.09 0.00 0.00
90.55 36.57 0.00 0.00
90.60 42.17 0.00 0.00
90.65 47.83 0.00 0.00
90.70 53.43 0.00 0.00
90.75 58.91 0.00 0.00
90.80 64.16 0.00 0.00
90.85 69.11 0.00 0.00
90.90 73.68 0.00 0.00
90.95 77.80 0.00 0.00
91.00 81.41 0.00 0.00
91.05 84.43 0.00 0.00
91.10 86.84 0.00 0.00
91.15 88.59 0.00 0.00
91.20 89.65 0.00 0.00
91.25 90.00 0.00 0.00
91.30 89.65 0.00 0.00
91.35 88.59 0.00 0.00
91.40 86.84 0.00 0.00
91.45 84.43 0.00 0.00
91.50 81.41 0.00 0.00
91.55 77.80 0.00 0.00
91.60 73.68 0.00 0.00
91.65 69.11 0.00 0.00
91.70 64.16 0.00 0.00
91.75 58.91 0.00 0.00
91.80 53.43 0.00 0.00
91.85 47.83 0.00 0.00
91.90 42.17 0.00 0.00
91.95 36.57 0.00 0.00
92.00 31.09 0.00 0.00
92.05 25.84 0.00 0.00
92.10 20.89 0.00 0.00
92.15 16.32 0.00 0.00
92.20 12.20 0.00 0.00
92.25 8.59 0.00 0.00
92.30 5.57 0.00 0.00
92.35 3.16 0.00 0.00
92.40 1.41 0.00 0.00
92.45 0.35 0.00 0.00
92.50 0.00 0.00 0.00
92.55 0.35 0.00 0.00
92.60 1.41 0.00 0.00
92.65 3.16 0.00 0.00
92.70 5.57 0.00 0.00
92.75 8.59 0.00 0.00
92.80 12.20 0.00 0.00
92.85 16.32 0.00 0.00
92.90 20.89 0.00 0.00
92.95 25.84 0.00 0.00
93.00 31.09 0.00 0.00
93.05 36.57 0.00 0.00
93.10 42.17 0.00 0.00
93.15 47.83 0.00 0.00
93.20 53.43 0.00 0.00
93.25 58.91 0.00 0.00
93.30 64.16 0.00 0.00
93.35 69.11 0.00 0.00
93.40 73.68 0.00 0.00
93.45 77.80 0.00 0.00
93.50 81.41 0.00 0.00
93.55 84.43 0.00 0.00
93.60 86.84 0.00 0.00
93.65 88.59 0.00 0.00
93.70 89.65 0.00 0.00
93.75 90.00 0.00 0.00
93.80 89.65 0.00 0.00
93.85 88.59 0.00 0.00
93.90 86.84 0.00 0.00
93.95 84.43 0.00 0.00
94.00 81.41 0.00 0.00
94.05 77.80 0.00 0.00
94.10 73.68 0.00 0.00
94.15 69.11 0.00 0.00
94.20 64.16 0.00 0.00
94.25 58.91 0.00 0.00
94.30 53.43 0.00 0.00
94.35 47.83 0.00 0.00
94.40 42.17 0.00 0.00
94.45 36.57 0.00 0.00
94.50 31.09 0.00 0.00
94.55 25.84 0.00 0.00
94.60 20.89 0.00 0.00
94.65 16.32 0.00 0.00
94.70 12.20 0.00 0.00
94.75 8.59 0.00 0.00
94.80 5.57 0.00 0.00
94.85 3.16 0.00 0.00
94.90 1.41 0.00 0.00
94.95 0.35 0.00 0.00
95.00 0.00 0.00 0.00
95.05 0.35 0.00 0.00
95.10 1.41 0.00 0.00
95.15 3.16 0.00 0.00
95.20 5.57 0.00 0.00
95.25 8.59 0.00 0.00
95.30 12.20 0.00 0.00
95.35 16.32 0.00 0.00
95.40 20.89 0.00 0.00
95.45 25.84 0.00 0.00
95.50 31.09 0.00 0.00
95.55 36.57 0.00 0.00
95.60 42.17 0.00 0.00
95.65 47.83 0.00 0.00
95.70 53.43 0.00 0.00
95.75 58.91 0.00 0.00
95.80 64.16 0.00 0.00
95.85 69.11 0.00 0.00
95.90 73.68 0.00 0.00
95.95 77.80 0.00 0.00
96.00 81.41 0.00 0.00
96.05 84.43 0.00 0.00
96.10 86.84 0.00 0.00
96.15 88.59 0.00 0.00
96.20 89.65 0.00 0.00
96.25 90.00 0.00 0.00
96.30 89.65 0.00 0.00
96.35 88.59 0.00 0.00
96.40 86.84 0.00 0.00
96.45 84.43 0.00 0.00
96.50 81.41 0.00 0.00
96.55 77.80 0.00 0.00
96.60 73.68 0.00 0.00
96.65 69.11 0.00 0.00
96.70 64.16 0.00 0.00
96.75 58.91 0.00 0.00
96.80 53.43 0.00 0.00
96.85 47.83 0.00 0.00
96.90 42.17 0.00 0.00
96.95 36.57 0.00 0.00
97.00 31.09 0.00 0.00
97.05 25.84 0.00 0.00
97.10 20.89 0.00 0.00
97.15 16.32 0.00 0.00
97.20 12.20 0.00 0.00
97.25 8.59 0.00 0.00
97.30 5.57 0.00 0.00
97.35 3.16 0.00 0.00
97.40 1.41 0.00 0.00
97.45 0.35 0.00 0.00
97.50 0.00 0.00 0.00
97.55 0.35 0.00 0.00
97.60 1.41 0.00 0.00
97.65 3.16 0.00 0.00
97.70 5.57 0.00 0.00
97.75 8.59 0.00 0.00
97.80 12.20 0.00 0.00
97.85 16.32 0.00 0.00
97.90 20.89 0.00 0.00
97.95 25.84 0.00 0.00
98.00 31.09 0.00 0.00
98.05 36.57 0.00 0.00
98.10 42.17 0.00 0.00
98.15 47.83 0.00 0.00
98.20 53.43 0.00 0.00
98.25 58.91 0.00 0.00
98.30 64.16 0.00 0.00
98.35 69.11 0.00 0.00
98.40 73.68 0.00 0.00
98.45 77.80 0.00 0.00
98.50 81.41 0.00 0.00
98.55 84.43 0.00 0.00
98.60 86.84 0.00 0.00
98.65 88.59 0.00 0.00
98.70 89.65 0.00 0.00
98.75 90.00 0.00 0.00
98.80 89.65 0.00 0.00
98.85 88.59 0.00 0.00
98.90 86.84 0.00 0.00
98.95 84.43 0.00 0.00
99.00 81.41 0.00 0.00
99.05 77.80 0.00 0.00
99.10 73.68 0.00 0.00
99.15 69.11 0.00 0.00
99.20 64.16 0.00 0.00
99.25 58.91 0.00 0.00
99.30 53.43 0.00 0.00
99.35 47.83 0.00 0.00
99.40 42.17 0.00 0.00
99.45 36.57 0.00 0.00
99.50 31.09 0.00 0.00
99.55 25.84 0.00 0.00
99.60 20.89 0.00 0.00
99.65 16.32 0.00 0.00
99.70 12.20 0.00 0.00
99.75 8.59 0.00 0.00
99.80 5.57 0.00 0.00
99.85 3.16 0.00 0.00
99.90 1.41 0.00 0.00
99.95 0.35 0.00 0.00
100.00 0.00 0.00 0.00
