0.00 1.00 0.00 1.80
0.03 1.00 0.03 1.80
0.05 1.00 0.06 1.80
0.08 1.00 0.09 1.80
0.10 0.99 0.12 1.80
0.12 0.99 0.16 1.80
0.15 0.98 0.19 1.80
0.18 0.98 0.22 1.80
0.20 0.97 0.25 1.80
0.23 0.96 0.28 1.80
0.25 0.95 0.31 1.80
0.28 0.94 0.34 1.80
0.30 0.93 0.37 1.80
0.33 0.92 0.40 1.80
0.35 0.91 0.42 1.80
0.38 0.89 0.45 1.80
0.40 0.88 0.48 1.80
0.43 0.86 0.51 1.80
0.45 0.85 0.53 1.80
0.48 0.83 0.56 1.80
0.50 0.81 0.59 1.80
0.53 0.79 0.61 1.80
0.55 0.77 0.63 1.80
0.58 0.75 0.66 1.80
0.60 0.73 0.68 1.80
0.62 0.71 0.70 1.80
0.65 0.69 0.73 1.80
0.68 0.66 0.75 1.80
0.70 0.64 0.77 1.80
0.73 0.62 0.79 1.80
0.75 0.59 0.81 1.80
0.78 0.57 0.82 1.80
0.80 0.54 0.84 1.80
0.83 0.51 0.86 1.80
0.85 0.49 0.87 1.80
0.88 0.46 0.89 1.80
0.90 0.43 0.90 1.80
0.93 0.40 0.92 1.80
0.95 0.37 0.93 1.80
0.98 0.34 0.94 1.80
1.00 0.31 0.95 1.80
1.03 0.29 0.96 1.80
1.05 0.26 0.97 1.80
1.07 0.22 0.97 1.80
1.10 0.19 0.98 1.80
1.12 0.16 0.99 1.80
1.15 0.13 0.99 1.80
1.18 0.10 0.99 1.80
1.20 0.07 1.00 1.80
1.23 0.04 1.00 1.80
1.25 0.01 1.00 1.80
1.28 -0.02 1.00 1.80
1.30 -0.05 1.00 1.80
1.33 -0.09 1.00 1.80
1.35 -0.12 0.99 1.80
1.38 -0.15 0.99 1.80
1.40 -0.18 0.98 1.80
1.43 -0.21 0.98 1.80
1.45 -0.24 0.97 1.80
1.48 -0.27 0.96 1.80
1.50 -0.30 0.95 1.80
1.53 -0.33 0.94 1.80
1.55 -0.36 0.93 1.80
1.58 -0.39 0.92 1.80
1.60 -0.42 0.91 1.80
1.62 -0.44 0.90 1.80
1.65 -0.47 0.88 1.80
1.68 -0.50 0.87 1.80
1.70 -0.53 0.85 1.80
1.73 -0.55 0.83 1.80
1.75 -0.58 0.82 1.80
1.78 -0.60 0.80 1.80
1.80 -0.63 0.78 1.80
1.83 -0.65 0.76 1.80
1.85 -0.68 0.74 1.80
1.88 -0.70 0.72 1.80
1.90 -0.72 0.69 1.80
1.93 -0.74 0.67 1.80
1.95 -0.76 0.65 1.80
1.98 -0.78 0.62 1.80
2.00 -0.80 0.60 1.80
2.02 -0.82 0.57 1.80
2.05 -0.84 0.55 1.80
2.08 -0.85 0.52 1.80
2.10 -0.87 0.49 1.80
2.12 -0.88 0.47 1.80
2.15 -0.90 0.44 1.80
2.18 -0.91 0.41 1.80
2.20 -0.92 0.38 1.80
2.23 -0.94 0.35 1.80
2.25 -0.95 0.32 1.80
2.27 -0.96 0.29 1.80
2.30 -0.96 0.26 1.80
2.33 -0.97 0.23 1.80
2.35 -0.98 0.20 1.80
2.38 -0.99 0.17 1.80
2.40 -0.99 0.14 1.80
2.43 -0.99 0.11 1.80
2.45 -1.00 0.08 1.80
2.48 -1.00 0.05 1.80
2.50 -1.00 0.02 1.80
2.53 -1.00 -0.02 1.80
2.55 -1.00 -0.05 1.80
2.58 -1.00 -0.08 1.80
2.60 -0.99 -0.11 1.80
2.62 -0.99 -0.14 1.80
2.65 -0.99 -0.17 1.80
2.68 -0.98 -0.20 1.80
2.70 -0.97 -0.23 1.80
2.73 -0.96 -0.26 1.80
2.75 -0.96 -0.29 1.80
2.78 -0.95 -0.32 1.80
2.80 -0.94 -0.35 1.80
2.83 -0.92 -0.38 1.80
2.85 -0.91 -0.41 1.80
2.88 -0.90 -0.44 1.80
2.90 -0.88 -0.47 1.80
2.93 -0.87 -0.49 1.80
2.95 -0.85 -0.52 1.80
2.98 -0.84 -0.55 1.80
3.00 -0.82 -0.57 1.80
3.03 -0.80 -0.60 1.80
3.05 -0.78 -0.62 1.80
3.08 -0.76 -0.65 1.80
3.10 -0.74 -0.67 1.80
3.12 -0.72 -0.69 1.80
3.15 -0.70 -0.72 1.80
3.18 -0.68 -0.74 1.80
3.20 -0.65 -0.76 1.80
3.23 -0.63 -0.78 1.80
3.25 -0.60 -0.80 1.80
3.28 -0.58 -0.82 1.80
3.30 -0.55 -0.83 1.80
3.33 -0.53 -0.85 1.80
3.35 -0.50 -0.87 1.80
3.38 -0.47 -0.88 1.80
3.40 -0.44 -0.90 1.80
3.43 -0.42 -0.91 1.80
3.45 -0.39 -0.92 1.80
3.48 -0.36 -0.93 1.80
3.50 -0.33 -0.94 1.80
3.53 -0.30 -0.95 1.80
3.55 -0.27 -0.96 1.80
3.58 -0.24 -0.97 1.80
3.60 -0.21 -0.98 1.80
3.62 -0.18 -0.98 1.80
3.65 -0.15 -0.99 1.80
3.68 -0.12 -0.99 1.80
3.70 -0.09 -1.00 1.80
3.73 -0.05 -1.00 1.80
3.75 -0.02 -1.00 1.80
3.78 0.01 -1.00 1.80
3.80 0.04 -1.00 1.80
3.83 0.07 -1.00 1.80
3.85 0.10 -0.99 1.80
3.88 0.13 -0.99 1.80
3.90 0.16 -0.99 1.80
3.93 0.19 -0.98 1.80
3.95 0.22 -0.97 1.80
3.98 0.26 -0.97 1.80
4.00 0.29 -0.96 1.80
4.03 0.31 -0.95 1.80
4.05 0.34 -0.94 1.80
4.08 0.37 -0.93 1.80
4.10 0.40 -0.92 1.80
4.12 0.43 -0.90 1.80
4.15 0.46 -0.89 1.80
4.17 0.49 -0.87 1.80
4.20 0.51 -0.86 1.80
4.23 0.54 -0.84 1.80
4.25 0.57 -0.82 1.80
4.28 0.59 -0.81 1.80
4.30 0.62 -0.79 1.80
4.33 0.64 -0.77 1.80
4.35 0.66 -0.75 1.80
4.38 0.69 -0.73 1.80
4.40 0.71 -0.70 1.80
4.42 0.73 -0.68 1.80
4.45 0.75 -0.66 1.80
4.48 0.77 -0.63 1.80
4.50 0.79 -0.61 1.80
4.53 0.81 -0.59 1.80
4.55 0.83 -0.56 1.80
4.58 0.85 -0.53 1.80
4.60 0.86 -0.51 1.80
4.62 0.88 -0.48 1.80
4.65 0.89 -0.45 1.80
4.67 0.91 -0.42 1.80
4.70 0.92 -0.40 1.80
4.73 0.93 -0.37 1.80
4.75 0.94 -0.34 1.80
4.78 0.95 -0.31 1.80
4.80 0.96 -0.28 1.80
4.83 0.97 -0.25 1.80
4.85 0.98 -0.22 1.80
4.88 0.98 -0.19 1.80
4.90 0.99 -0.16 1.80
4.93 0.99 -0.12 1.80
4.95 1.00 -0.09 1.80
4.98 1.00 -0.06 1.80
5.00 1.00 -0.03 1.80
