0.00 1.00 0.00 1.80
0.03 1.00 0.02 1.80
0.06 1.00 0.03 1.80
0.08 1.00 0.05 1.80
0.11 1.00 0.07 1.80
0.14 1.00 0.09 1.80
0.17 0.99 0.10 1.80
0.19 0.99 0.12 1.80
0.22 0.99 0.14 1.80
0.25 0.99 0.16 1.80
0.28 0.98 0.17 1.80
0.31 0.98 0.19 1.80
0.33 0.98 0.21 1.80
0.36 0.97 0.22 1.80
0.39 0.97 0.24 1.80
0.42 0.97 0.26 1.80
0.44 0.96 0.28 1.80
0.47 0.96 0.29 1.80
0.50 0.95 0.31 1.80
0.53 0.95 0.33 1.80
0.56 0.94 0.34 1.80
0.58 0.93 0.36 1.80
0.61 0.93 0.37 1.80
0.64 0.92 0.39 1.80
0.67 0.91 0.41 1.80
0.69 0.91 0.42 1.80
0.72 0.90 0.44 1.80
0.75 0.89 0.45 1.80
0.78 0.88 0.47 1.80
0.81 0.87 0.48 1.80
0.83 0.87 0.50 1.80
0.86 0.86 0.51 1.80
0.89 0.85 0.53 1.80
0.92 0.84 0.54 1.80
0.94 0.83 0.56 1.80
0.97 0.82 0.57 1.80
1.00 0.81 0.59 1.80
1.03 0.80 0.60 1.80
1.06 0.79 0.62 1.80
1.08 0.78 0.63 1.80
1.11 0.77 0.64 1.80
1.14 0.76 0.66 1.80
1.17 0.74 0.67 1.80
1.19 0.73 0.68 1.80
1.22 0.72 0.69 1.80
1.25 0.71 0.71 1.80
1.28 0.70 0.72 1.80
1.31 0.68 0.73 1.80
1.33 0.67 0.74 1.80
1.36 0.66 0.75 1.80
1.39 0.64 0.77 1.80
1.42 0.63 0.78 1.80
1.44 0.62 0.79 1.80
1.47 0.60 0.80 1.80
1.50 0.59 0.81 1.80
1.53 0.57 0.82 1.80
1.56 0.56 0.83 1.80
1.58 0.55 0.84 1.80
1.61 0.53 0.85 1.80
1.64 0.52 0.86 1.80
1.67 0.50 0.87 1.80
1.69 0.49 0.87 1.80
1.72 0.47 0.88 1.80
1.75 0.45 0.89 1.80
1.78 0.44 0.90 1.80
1.81 0.42 0.91 1.80
1.83 0.41 0.91 1.80
1.86 0.39 0.92 1.80
1.89 0.38 0.93 1.80
1.92 0.36 0.93 1.80
1.94 0.34 0.94 1.80
1.97 0.33 0.95 1.80
2.00 0.31 0.95 1.80
2.03 0.29 0.96 1.80
2.06 0.28 0.96 1.80
2.08 0.26 0.97 1.80
2.11 0.24 0.97 1.80
2.14 0.23 0.97 1.80
2.17 0.21 0.98 1.80
2.19 0.19 0.98 1.80
2.22 0.17 0.98 1.80
2.25 0.16 0.99 1.80
2.28 0.14 0.99 1.80
2.31 0.12 0.99 1.80
2.33 0.11 0.99 1.80
2.36 0.09 1.00 1.80
2.39 0.07 1.00 1.80
2.42 0.05 1.00 1.80
2.44 0.04 1.00 1.80
2.47 0.02 1.00 1.80
2.50 0.00 1.00 1.80
2.53 -0.02 1.00 1.80
2.56 -0.03 1.00 1.80
2.58 -0.05 1.00 1.80
2.61 -0.07 1.00 1.80
2.64 -0.09 1.00 1.80
2.67 -0.10 0.99 1.80
2.69 -0.12 0.99 1.80
2.72 -0.14 0.99 1.80
2.75 -0.15 0.99 1.80
2.78 -0.17 0.99 1.80
2.81 -0.19 0.98 1.80
2.83 -0.21 0.98 1.80
2.86 -0.22 0.97 1.80
2.89 -0.24 0.97 1.80
2.92 -0.26 0.97 1.80
2.94 -0.27 0.96 1.80
2.97 -0.29 0.96 1.80
3.00 -0.31 0.95 1.80
3.03 -0.32 0.95 1.80
3.06 -0.34 0.94 1.80
3.08 -0.36 0.93 1.80
3.11 -0.37 0.93 1.80
3.14 -0.39 0.92 1.80
3.17 -0.41 0.91 1.80
3.19 -0.42 0.91 1.80
3.22 -0.44 0.90 1.80
3.25 -0.45 0.89 1.80
3.28 -0.47 0.88 1.80
3.31 -0.48 0.88 1.80
3.33 -0.50 0.87 1.80
3.36 -0.51 0.86 1.80
3.39 -0.53 0.85 1.80
3.42 -0.54 0.84 1.80
3.44 -0.56 0.83 1.80
3.47 -0.57 0.82 1.80
3.50 -0.59 0.81 1.80
3.53 -0.60 0.80 1.80
3.56 -0.61 0.79 1.80
3.58 -0.63 0.78 1.80
3.61 -0.64 0.77 1.80
3.64 -0.65 0.76 1.80
3.67 -0.67 0.74 1.80
3.69 -0.68 0.73 1.80
3.72 -0.69 0.72 1.80
3.75 -0.71 0.71 1.80
3.78 -0.72 0.70 1.80
3.81 -0.73 0.68 1.80
3.83 -0.74 0.67 1.80
3.86 -0.75 0.66 1.80
3.89 -0.76 0.64 1.80
3.92 -0.78 0.63 1.80
3.94 -0.79 0.62 1.80
3.97 -0.80 0.60 1.80
4.00 -0.81 0.59 1.80
4.03 -0.82 0.58 1.80
4.06 -0.83 0.56 1.80
4.08 -0.84 0.55 1.80
4.11 -0.85 0.53 1.80
4.14 -0.86 0.52 1.80
4.17 -0.86 0.50 1.80
4.19 -0.87 0.49 1.80
4.22 -0.88 0.47 1.80
4.25 -0.89 0.46 1.80
4.28 -0.90 0.44 1.80
4.31 -0.91 0.42 1.80
4.33 -0.91 0.41 1.80
4.36 -0.92 0.39 1.80
4.39 -0.93 0.38 1.80
4.42 -0.93 0.36 1.80
4.44 -0.94 0.34 1.80
4.47 -0.94 0.33 1.80
4.50 -0.95 0.31 1.80
4.53 -0.96 0.29 1.80
4.56 -0.96 0.28 1.80
4.58 -0.97 0.26 1.80
4.61 -0.97 0.24 1.80
4.64 -0.97 0.23 1.80
4.67 -0.98 0.21 1.80
4.69 -0.98 0.19 1.80
4.72 -0.98 0.18 1.80
4.75 -0.99 0.16 1.80
4.78 -0.99 0.14 1.80
4.81 -0.99 0.12 1.80
4.83 -0.99 0.11 1.80
4.86 -1.00 0.09 1.80
4.89 -1.00 0.07 1.80
4.92 -1.00 0.06 1.80
4.94 -1.00 0.04 1.80
4.97 -1.00 0.02 1.80
5.00 -1.00 0.00 1.80
5.03 -1.00 -0.01 1.80
5.06 -1.00 -0.03 1.80
5.08 -1.00 -0.05 1.80
5.11 -1.00 -0.07 1.80
5.14 -1.00 -0.08 1.80
5.17 -0.99 -0.10 1.80
5.19 -0.99 -0.12 1.80
5.22 -0.99 -0.14 1.80
5.25 -0.99 -0.15 1.80
5.28 -0.99 -0.17 1.80
5.31 -0.98 -0.19 1.80
5.33 -0.98 -0.20 1.80
5.36 -0.98 -0.22 1.80
5.39 -0.97 -0.24 1.80
5.42 -0.97 -0.26 1.80
5.44 -0.96 -0.27 1.80
5.47 -0.96 -0.29 1.80
5.50 -0.95 -0.31 1.80
5.53 -0.95 -0.32 1.80
5.56 -0.94 -0.34 1.80
5.58 -0.93 -0.36 1.80
5.61 -0.93 -0.37 1.80
5.64 -0.92 -0.39 1.80
5.67 -0.91 -0.40 1.80
5.69 -0.91 -0.42 1.80
5.72 -0.90 -0.44 1.80
5.75 -0.89 -0.45 1.80
5.78 -0.88 -0.47 1.80
5.81 -0.88 -0.48 1.80
5.83 -0.87 -0.50 1.80
5.86 -0.86 -0.51 1.80
5.89 -0.85 -0.53 1.80
5.92 -0.84 -0.54 1.80
5.94 -0.83 -0.56 1.80
5.97 -0.82 -0.57 1.80
6.00 -0.81 -0.58 1.80
6.03 -0.80 -0.60 1.80
6.06 -0.79 -0.61 1.80
6.08 -0.78 -0.63 1.80
6.11 -0.77 -0.64 1.80
6.14 -0.76 -0.65 1.80
6.17 -0.75 -0.67 1.80
6.19 -0.73 -0.68 1.80
6.22 -0.72 -0.69 1.80
6.25 -0.71 -0.70 1.80
6.28 -0.70 -0.72 1.80
6.31 -0.68 -0.73 1.80
6.33 -0.67 -0.74 1.80
6.36 -0.66 -0.75 1.80
6.39 -0.65 -0.76 1.80
6.42 -0.63 -0.77 1.80
6.44 -0.62 -0.79 1.80
6.47 -0.60 -0.80 1.80
6.50 -0.59 -0.81 1.80
6.53 -0.58 -0.82 1.80
6.56 -0.56 -0.83 1.80
6.58 -0.55 -0.84 1.80
6.61 -0.53 -0.85 1.80
6.64 -0.52 -0.86 1.80
6.67 -0.50 -0.86 1.80
6.69 -0.49 -0.87 1.80
6.72 -0.47 -0.88 1.80
6.75 -0.46 -0.89 1.80
6.78 -0.44 -0.90 1.80
6.81 -0.43 -0.90 1.80
6.83 -0.41 -0.91 1.80
6.86 -0.39 -0.92 1.80
6.89 -0.38 -0.93 1.80
6.92 -0.36 -0.93 1.80
6.94 -0.35 -0.94 1.80
6.97 -0.33 -0.94 1.80
7.00 -0.31 -0.95 1.80
7.03 -0.30 -0.96 1.80
7.06 -0.28 -0.96 1.80
7.08 -0.26 -0.96 1.80
7.11 -0.25 -0.97 1.80
7.14 -0.23 -0.97 1.80
7.17 -0.21 -0.98 1.80
7.19 -0.19 -0.98 1.80
7.22 -0.18 -0.98 1.80
7.25 -0.16 -0.99 1.80
7.28 -0.14 -0.99 1.80
7.31 -0.13 -0.99 1.80
7.33 -0.11 -0.99 1.80
7.36 -0.09 -1.00 1.80
7.39 -0.07 -1.00 1.80
7.42 -0.06 -1.00 1.80
7.44 -0.04 -1.00 1.80
7.47 -0.02 -1.00 1.80
7.50 -0.00 -1.00 1.80
7.53 0.01 -1.00 1.80
7.56 0.03 -1.00 1.80
7.58 0.05 -1.00 1.80
7.61 0.07 -1.00 1.80
7.64 0.08 -1.00 1.80
7.67 0.10 -0.99 1.80
7.69 0.12 -0.99 1.80
7.72 0.13 -0.99 1.80
7.75 0.15 -0.99 1.80
7.78 0.17 -0.99 1.80
7.81 0.19 -0.98 1.80
7.83 0.20 -0.98 1.80
7.86 0.22 -0.98 1.80
7.89 0.24 -0.97 1.80
7.92 0.25 -0.97 1.80
7.94 0.27 -0.96 1.80
7.97 0.29 -0.96 1.80
8.00 0.30 -0.95 1.80
8.03 0.32 -0.95 1.80
8.06 0.34 -0.94 1.80
8.08 0.35 -0.94 1.80
8.11 0.37 -0.93 1.80
8.14 0.39 -0.92 1.80
8.17 0.40 -0.92 1.80
8.19 0.42 -0.91 1.80
8.22 0.43 -0.90 1.80
8.25 0.45 -0.89 1.80
8.28 0.47 -0.89 1.80
8.31 0.48 -0.88 1.80
8.33 0.50 -0.87 1.80
8.36 0.51 -0.86 1.80
8.39 0.53 -0.85 1.80
8.42 0.54 -0.84 1.80
8.44 0.56 -0.83 1.80
8.47 0.57 -0.82 1.80
8.50 0.58 -0.81 1.80
8.53 0.60 -0.80 1.80
8.56 0.61 -0.79 1.80
8.58 0.63 -0.78 1.80
8.61 0.64 -0.77 1.80
8.64 0.65 -0.76 1.80
8.67 0.67 -0.75 1.80
8.69 0.68 -0.73 1.80
8.72 0.69 -0.72 1.80
8.75 0.70 -0.71 1.80
8.78 0.72 -0.70 1.80
8.81 0.73 -0.69 1.80
8.83 0.74 -0.67 1.80
8.86 0.75 -0.66 1.80
8.89 0.76 -0.65 1.80
8.92 0.77 -0.63 1.80
8.94 0.78 -0.62 1.80
8.97 0.80 -0.61 1.80
9.00 0.81 -0.59 1.80
9.03 0.82 -0.58 1.80
9.06 0.83 -0.56 1.80
9.08 0.84 -0.55 1.80
9.11 0.85 -0.53 1.80
9.14 0.85 -0.52 1.80
9.17 0.86 -0.50 1.80
9.19 0.87 -0.49 1.80
9.22 0.88 -0.47 1.80
9.25 0.89 -0.46 1.80
9.28 0.90 -0.44 1.80
9.31 0.90 -0.43 1.80
9.33 0.91 -0.41 1.80
9.36 0.92 -0.40 1.80
9.39 0.93 -0.38 1.80
9.42 0.93 -0.36 1.80
9.44 0.94 -0.35 1.80
9.47 0.94 -0.33 1.80
9.50 0.95 -0.31 1.80
9.53 0.95 -0.30 1.80
9.56 0.96 -0.28 1.80
9.58 0.96 -0.26 1.80
9.61 0.97 -0.25 1.80
9.64 0.97 -0.23 1.80
9.67 0.98 -0.21 1.80
9.69 0.98 -0.20 1.80
9.72 0.98 -0.18 1.80
9.75 0.99 -0.16 1.80
9.78 0.99 -0.14 1.80
9.81 0.99 -0.13 1.80
9.83 0.99 -0.11 1.80
9.86 1.00 -0.09 1.80
9.89 1.00 -0.08 1.80
9.92 1.00 -0.06 1.80
9.94 1.00 -0.04 1.80
9.97 1.00 -0.02 1.80
10.00 1.00 -0.01 1.80
10.03 1.00 0.01 1.80
10.06 1.00 0.03 1.80
10.08 1.00 0.05 1.80
10.11 1.00 0.06 1.80
10.14 1.00 0.08 1.80
10.17 1.00 0.10 1.80
10.19 0.99 0.12 1.80
10.22 0.99 0.13 1.80
10.25 0.99 0.15 1.80
10.28 0.99 0.17 1.80
10.31 0.98 0.18 1.80
10.33 0.98 0.20 1.80
10.36 0.98 0.22 1.80
10.39 0.97 0.24 1.80
10.42 0.97 0.25 1.80
10.44 0.96 0.27 1.80
10.47 0.96 0.29 1.80
10.50 0.95 0.30 1.80
10.53 0.95 0.32 1.80
10.56 0.94 0.34 1.80
10.58 0.94 0.35 1.80
10.61 0.93 0.37 1.80
10.64 0.92 0.39 1.80
10.67 0.92 0.40 1.80
10.69 0.91 0.42 1.80
10.72 0.90 0.43 1.80
10.75 0.89 0.45 1.80
10.78 0.89 0.46 1.80
10.81 0.88 0.48 1.80
10.83 0.87 0.49 1.80
10.86 0.86 0.51 1.80
10.89 0.85 0.52 1.80
10.92 0.84 0.54 1.80
10.94 0.83 0.55 1.80
10.97 0.82 0.57 1.80
11.00 0.81 0.58 1.80
11.03 0.80 0.60 1.80
11.06 0.79 0.61 1.80
11.08 0.78 0.62 1.80
11.11 0.77 0.64 1.80
11.14 0.76 0.65 1.80
11.17 0.75 0.66 1.80
11.19 0.74 0.68 1.80
11.22 0.72 0.69 1.80
11.25 0.71 0.70 1.80
11.28 0.70 0.71 1.80
11.31 0.69 0.73 1.80
11.33 0.67 0.74 1.80
11.36 0.66 0.75 1.80
11.39 0.65 0.76 1.80
11.42 0.63 0.77 1.80
11.44 0.62 0.78 1.80
11.47 0.61 0.79 1.80
11.50 0.59 0.81 1.80
11.53 0.58 0.82 1.80
11.56 0.56 0.83 1.80
11.58 0.55 0.83 1.80
11.61 0.54 0.84 1.80
11.64 0.52 0.85 1.80
11.67 0.51 0.86 1.80
11.69 0.49 0.87 1.80
11.72 0.48 0.88 1.80
11.75 0.46 0.89 1.80
11.78 0.44 0.90 1.80
11.81 0.43 0.90 1.80
11.83 0.41 0.91 1.80
11.86 0.40 0.92 1.80
11.89 0.38 0.92 1.80
11.92 0.36 0.93 1.80
11.94 0.35 0.94 1.80
11.97 0.33 0.94 1.80
12.00 0.32 0.95 1.80
12.03 0.30 0.95 1.80
12.06 0.28 0.96 1.80
12.08 0.27 0.96 1.80
12.11 0.25 0.97 1.80
12.14 0.23 0.97 1.80
12.17 0.21 0.98 1.80
12.19 0.20 0.98 1.80
12.22 0.18 0.98 1.80
12.25 0.16 0.99 1.80
12.28 0.15 0.99 1.80
12.31 0.13 0.99 1.80
12.33 0.11 0.99 1.80
12.36 0.09 1.00 1.80
12.39 0.08 1.00 1.80
12.42 0.06 1.00 1.80
12.44 0.04 1.00 1.80
12.47 0.02 1.00 1.80
12.50 0.01 1.00 1.80
12.53 -0.01 1.00 1.80
12.56 -0.03 1.00 1.80
12.58 -0.05 1.00 1.80
12.61 -0.06 1.00 1.80
12.64 -0.08 1.00 1.80
12.67 -0.10 1.00 1.80
12.69 -0.11 0.99 1.80
12.72 -0.13 0.99 1.80
12.75 -0.15 0.99 1.80
12.78 -0.17 0.99 1.80
12.81 -0.18 0.98 1.80
12.83 -0.20 0.98 1.80
12.86 -0.22 0.98 1.80
12.89 -0.23 0.97 1.80
12.92 -0.25 0.97 1.80
12.94 -0.27 0.96 1.80
12.97 -0.29 0.96 1.80
13.00 -0.30 0.95 1.80
13.03 -0.32 0.95 1.80
13.06 -0.33 0.94 1.80
13.08 -0.35 0.94 1.80
13.11 -0.37 0.93 1.80
13.14 -0.38 0.92 1.80
13.17 -0.40 0.92 1.80
13.19 -0.42 0.91 1.80
13.22 -0.43 0.90 1.80
13.25 -0.45 0.89 1.80
13.28 -0.46 0.89 1.80
13.31 -0.48 0.88 1.80
13.33 -0.49 0.87 1.80
13.36 -0.51 0.86 1.80
13.39 -0.52 0.85 1.80
13.42 -0.54 0.84 1.80
13.44 -0.55 0.83 1.80
13.47 -0.57 0.82 1.80
13.50 -0.58 0.81 1.80
13.53 -0.60 0.80 1.80
13.56 -0.61 0.79 1.80
13.58 -0.62 0.78 1.80
13.61 -0.64 0.77 1.80
13.64 -0.65 0.76 1.80
13.67 -0.66 0.75 1.80
13.69 -0.68 0.74 1.80
13.72 -0.69 0.72 1.80
13.75 -0.70 0.71 1.80
13.78 -0.71 0.70 1.80
13.81 -0.73 0.69 1.80
13.83 -0.74 0.68 1.80
13.86 -0.75 0.66 1.80
13.89 -0.76 0.65 1.80
13.92 -0.77 0.64 1.80
13.94 -0.78 0.62 1.80
13.97 -0.79 0.61 1.80
14.00 -0.80 0.59 1.80
14.03 -0.81 0.58 1.80
14.06 -0.82 0.57 1.80
14.08 -0.83 0.55 1.80
14.11 -0.84 0.54 1.80
14.14 -0.85 0.52 1.80
14.17 -0.86 0.51 1.80
14.19 -0.87 0.49 1.80
14.22 -0.88 0.48 1.80
14.25 -0.89 0.46 1.80
14.28 -0.90 0.45 1.80
14.31 -0.90 0.43 1.80
14.33 -0.91 0.41 1.80
14.36 -0.92 0.40 1.80
14.39 -0.92 0.38 1.80
14.42 -0.93 0.37 1.80
14.44 -0.94 0.35 1.80
14.47 -0.94 0.33 1.80
14.50 -0.95 0.32 1.80
14.53 -0.95 0.30 1.80
14.56 -0.96 0.28 1.80
14.58 -0.96 0.27 1.80
14.61 -0.97 0.25 1.80
14.64 -0.97 0.23 1.80
14.67 -0.98 0.22 1.80
14.69 -0.98 0.20 1.80
14.72 -0.98 0.18 1.80
14.75 -0.99 0.16 1.80
14.78 -0.99 0.15 1.80
14.81 -0.99 0.13 1.80
14.83 -0.99 0.11 1.80
14.86 -1.00 0.10 1.80
14.89 -1.00 0.08 1.80
14.92 -1.00 0.06 1.80
14.94 -1.00 0.04 1.80
14.97 -1.00 0.03 1.80
15.00 -1.00 0.01 1.80
15.03 -1.00 -0.01 1.80
15.06 -1.00 -0.03 1.80
15.08 -1.00 -0.04 1.80
15.11 -1.00 -0.06 1.80
15.14 -1.00 -0.08 1.80
15.17 -1.00 -0.10 1.80
15.19 -0.99 -0.11 1.80
15.22 -0.99 -0.13 1.80
15.25 -0.99 -0.15 1.80
15.28 -0.99 -0.16 1.80
15.31 -0.98 -0.18 1.80
15.33 -0.98 -0.20 1.80
15.36 -0.98 -0.22 1.80
15.39 -0.97 -0.23 1.80
15.42 -0.97 -0.25 1.80
15.44 -0.96 -0.27 1.80
15.47 -0.96 -0.28 1.80
15.50 -0.95 -0.30 1.80
15.53 -0.95 -0.32 1.80
15.56 -0.94 -0.33 1.80
15.58 -0.94 -0.35 1.80
15.61 -0.93 -0.37 1.80
15.64 -0.92 -0.38 1.80
15.67 -0.92 -0.40 1.80
15.69 -0.91 -0.41 1.80
15.72 -0.90 -0.43 1.80
15.75 -0.90 -0.45 1.80
15.78 -0.89 -0.46 1.80
15.81 -0.88 -0.48 1.80
15.83 -0.87 -0.49 1.80
15.86 -0.86 -0.51 1.80
15.89 -0.85 -0.52 1.80
15.92 -0.84 -0.54 1.80
15.94 -0.83 -0.55 1.80
15.97 -0.82 -0.57 1.80
16.00 -0.81 -0.58 1.80
16.03 -0.80 -0.59 1.80
16.06 -0.79 -0.61 1.80
16.08 -0.78 -0.62 1.80
16.11 -0.77 -0.64 1.80
16.14 -0.76 -0.65 1.80
16.17 -0.75 -0.66 1.80
16.19 -0.74 -0.68 1.80
16.22 -0.73 -0.69 1.80
16.25 -0.71 -0.70 1.80
16.28 -0.70 -0.71 1.80
16.31 -0.69 -0.72 1.80
16.33 -0.68 -0.74 1.80
16.36 -0.66 -0.75 1.80
16.39 -0.65 -0.76 1.80
16.42 -0.64 -0.77 1.80
16.44 -0.62 -0.78 1.80
16.47 -0.61 -0.79 1.80
16.50 -0.60 -0.80 1.80
16.53 -0.58 -0.81 1.80
16.56 -0.57 -0.82 1.80
16.58 -0.55 -0.83 1.80
16.61 -0.54 -0.84 1.80
16.64 -0.52 -0.85 1.80
16.67 -0.51 -0.86 1.80
16.69 -0.49 -0.87 1.80
16.72 -0.48 -0.88 1.80
16.75 -0.46 -0.89 1.80
16.78 -0.45 -0.89 1.80
16.81 -0.43 -0.90 1.80
16.83 -0.42 -0.91 1.80
16.86 -0.40 -0.92 1.80
16.89 -0.38 -0.92 1.80
16.92 -0.37 -0.93 1.80
16.94 -0.35 -0.94 1.80
16.97 -0.33 -0.94 1.80
17.00 -0.32 -0.95 1.80
17.03 -0.30 -0.95 1.80
17.06 -0.29 -0.96 1.80
17.08 -0.27 -0.96 1.80
17.11 -0.25 -0.97 1.80
17.14 -0.23 -0.97 1.80
17.17 -0.22 -0.98 1.80
17.19 -0.20 -0.98 1.80
17.22 -0.18 -0.98 1.80
17.25 -0.17 -0.99 1.80
17.28 -0.15 -0.99 1.80
17.31 -0.13 -0.99 1.80
17.33 -0.11 -0.99 1.80
17.36 -0.10 -1.00 1.80
17.39 -0.08 -1.00 1.80
17.42 -0.06 -1.00 1.80
17.44 -0.05 -1.00 1.80
17.47 -0.03 -1.00 1.80
17.50 -0.01 -1.00 1.80
17.53 0.01 -1.00 1.80
17.56 0.02 -1.00 1.80
17.58 0.04 -1.00 1.80
17.61 0.06 -1.00 1.80
17.64 0.08 -1.00 1.80
17.67 0.09 -1.00 1.80
17.69 0.11 -0.99 1.80
17.72 0.13 -0.99 1.80
17.75 0.15 -0.99 1.80
17.78 0.16 -0.99 1.80
17.81 0.18 -0.98 1.80
17.83 0.20 -0.98 1.80
17.86 0.21 -0.98 1.80
17.89 0.23 -0.97 1.80
17.92 0.25 -0.97 1.80
17.94 0.27 -0.96 1.80
17.97 0.28 -0.96 1.80
18.00 0.30 -0.95 1.80
18.03 0.32 -0.95 1.80
18.06 0.33 -0.94 1.80
18.08 0.35 -0.94 1.80
18.11 0.36 -0.93 1.80
18.14 0.38 -0.92 1.80
18.17 0.40 -0.92 1.80
18.19 0.41 -0.91 1.80
18.22 0.43 -0.90 1.80
18.25 0.44 -0.90 1.80
18.28 0.46 -0.89 1.80
18.31 0.48 -0.88 1.80
18.33 0.49 -0.87 1.80
18.36 0.51 -0.86 1.80
18.39 0.52 -0.85 1.80
18.42 0.54 -0.84 1.80
18.44 0.55 -0.83 1.80
18.47 0.56 -0.83 1.80
18.50 0.58 -0.82 1.80
18.53 0.59 -0.81 1.80
18.56 0.61 -0.79 1.80
18.58 0.62 -0.78 1.80
18.61 0.63 -0.77 1.80
18.64 0.65 -0.76 1.80
18.67 0.66 -0.75 1.80
18.69 0.67 -0.74 1.80
18.72 0.69 -0.73 1.80
18.75 0.70 -0.71 1.80
18.78 0.71 -0.70 1.80
18.81 0.72 -0.69 1.80
18.83 0.74 -0.68 1.80
18.86 0.75 -0.66 1.80
18.89 0.76 -0.65 1.80
18.92 0.77 -0.64 1.80
18.94 0.78 -0.62 1.80
18.97 0.79 -0.61 1.80
19.00 0.80 -0.60 1.80
19.03 0.81 -0.58 1.80
19.06 0.82 -0.57 1.80
19.08 0.83 -0.55 1.80
19.11 0.84 -0.54 1.80
19.14 0.85 -0.52 1.80
19.17 0.86 -0.51 1.80
19.19 0.87 -0.49 1.80
19.22 0.88 -0.48 1.80
19.25 0.89 -0.46 1.80
19.28 0.89 -0.45 1.80
19.31 0.90 -0.43 1.80
19.33 0.91 -0.42 1.80
19.36 0.92 -0.40 1.80
19.39 0.92 -0.39 1.80
19.42 0.93 -0.37 1.80
19.44 0.94 -0.35 1.80
19.47 0.94 -0.34 1.80
19.50 0.95 -0.32 1.80
19.53 0.95 -0.30 1.80
19.56 0.96 -0.29 1.80
19.58 0.96 -0.27 1.80
19.61 0.97 -0.25 1.80
19.64 0.97 -0.24 1.80
19.67 0.98 -0.22 1.80
19.69 0.98 -0.20 1.80
19.72 0.98 -0.18 1.80
19.75 0.99 -0.17 1.80
19.78 0.99 -0.15 1.80
19.81 0.99 -0.13 1.80
19.83 0.99 -0.12 1.80
19.86 1.00 -0.10 1.80
19.89 1.00 -0.08 1.80
19.92 1.00 -0.06 1.80
19.94 1.00 -0.05 1.80
19.97 1.00 -0.03 1.80
20.00 1.00 -0.01 1.80
20.03 1.00 0.01 1.80
20.06 1.00 0.02 1.80
20.08 1.00 0.04 1.80
20.11 1.00 0.06 1.80
20.14 1.00 0.08 1.80
20.17 1.00 0.09 1.80
20.19 0.99 0.11 1.80
20.22 0.99 0.13 1.80
20.25 0.99 0.14 1.80
20.28 0.99 0.16 1.80
20.31 0.98 0.18 1.80
20.33 0.98 0.20 1.80
20.36 0.98 0.21 1.80
20.39 0.97 0.23 1.80
20.42 0.97 0.25 1.80
20.44 0.96 0.26 1.80
20.47 0.96 0.28 1.80
20.50 0.95 0.30 1.80
20.53 0.95 0.31 1.80
20.56 0.94 0.33 1.80
20.58 0.94 0.35 1.80
20.61 0.93 0.36 1.80
20.64 0.93 0.38 1.80
20.67 0.92 0.40 1.80
20.69 0.91 0.41 1.80
20.72 0.90 0.43 1.80
20.75 0.90 0.44 1.80
20.78 0.89 0.46 1.80
20.81 0.88 0.47 1.80
20.83 0.87 0.49 1.80
20.86 0.86 0.50 1.80
20.89 0.85 0.52 1.80
20.92 0.85 0.53 1.80
20.94 0.84 0.55 1.80
20.97 0.83 0.56 1.80
21.00 0.82 0.58 1.80
21.03 0.81 0.59 1.80
21.06 0.80 0.61 1.80
21.08 0.78 0.62 1.80
21.11 0.77 0.63 1.80
21.14 0.76 0.65 1.80
21.17 0.75 0.66 1.80
21.19 0.74 0.67 1.80
21.22 0.73 0.69 1.80
21.25 0.72 0.70 1.80
21.28 0.70 0.71 1.80
21.31 0.69 0.72 1.80
21.33 0.68 0.73 1.80
21.36 0.67 0.75 1.80
21.39 0.65 0.76 1.80
21.42 0.64 0.77 1.80
21.44 0.63 0.78 1.80
21.47 0.61 0.79 1.80
21.50 0.60 0.80 1.80
21.53 0.58 0.81 1.80
21.56 0.57 0.82 1.80
21.58 0.56 0.83 1.80
21.61 0.54 0.84 1.80
21.64 0.53 0.85 1.80
21.67 0.51 0.86 1.80
21.69 0.50 0.87 1.80
21.72 0.48 0.88 1.80
21.75 0.47 0.89 1.80
21.78 0.45 0.89 1.80
21.81 0.43 0.90 1.80
21.83 0.42 0.91 1.80
21.86 0.40 0.92 1.80
21.89 0.39 0.92 1.80
21.92 0.37 0.93 1.80
21.94 0.35 0.94 1.80
21.97 0.34 0.94 1.80
22.00 0.32 0.95 1.80
22.03 0.30 0.95 1.80
22.06 0.29 0.96 1.80
22.08 0.27 0.96 1.80
22.11 0.25 0.97 1.80
22.14 0.24 0.97 1.80
22.17 0.22 0.98 1.80
22.19 0.20 0.98 1.80
22.22 0.19 0.98 1.80
22.25 0.17 0.99 1.80
22.28 0.15 0.99 1.80
22.31 0.13 0.99 1.80
22.33 0.12 0.99 1.80
22.36 0.10 0.99 1.80
22.39 0.08 1.00 1.80
22.42 0.07 1.00 1.80
22.44 0.05 1.00 1.80
22.47 0.03 1.00 1.80
22.50 0.01 1.00 1.80
22.53 -0.00 1.00 1.80
22.56 -0.02 1.00 1.80
22.58 -0.04 1.00 1.80
22.61 -0.06 1.00 1.80
22.64 -0.07 1.00 1.80
22.67 -0.09 1.00 1.80
22.69 -0.11 0.99 1.80
22.72 -0.13 0.99 1.80
22.75 -0.14 0.99 1.80
22.78 -0.16 0.99 1.80
22.81 -0.18 0.98 1.80
22.83 -0.19 0.98 1.80
22.86 -0.21 0.98 1.80
22.89 -0.23 0.97 1.80
22.92 -0.25 0.97 1.80
22.94 -0.26 0.96 1.80
22.97 -0.28 0.96 1.80
23.00 -0.30 0.96 1.80
23.03 -0.31 0.95 1.80
23.06 -0.33 0.94 1.80
23.08 -0.35 0.94 1.80
23.11 -0.36 0.93 1.80
23.14 -0.38 0.93 1.80
23.17 -0.39 0.92 1.80
23.19 -0.41 0.91 1.80
23.22 -0.43 0.90 1.80
23.25 -0.44 0.90 1.80
23.28 -0.46 0.89 1.80
23.31 -0.47 0.88 1.80
23.33 -0.49 0.87 1.80
23.36 -0.50 0.86 1.80
23.39 -0.52 0.86 1.80
23.42 -0.53 0.85 1.80
23.44 -0.55 0.84 1.80
23.47 -0.56 0.83 1.80
23.50 -0.58 0.82 1.80
23.53 -0.59 0.81 1.80
23.56 -0.60 0.80 1.80
23.58 -0.62 0.79 1.80
23.61 -0.63 0.77 1.80
23.64 -0.65 0.76 1.80
23.67 -0.66 0.75 1.80
23.69 -0.67 0.74 1.80
23.72 -0.68 0.73 1.80
23.75 -0.70 0.72 1.80
23.78 -0.71 0.70 1.80
23.81 -0.72 0.69 1.80
23.83 -0.73 0.68 1.80
23.86 -0.75 0.67 1.80
23.89 -0.76 0.65 1.80
23.92 -0.77 0.64 1.80
23.94 -0.78 0.63 1.80
23.97 -0.79 0.61 1.80
24.00 -0.80 0.60 1.80
24.03 -0.81 0.58 1.80
24.06 -0.82 0.57 1.80
24.08 -0.83 0.56 1.80
24.11 -0.84 0.54 1.80
24.14 -0.85 0.53 1.80
24.17 -0.86 0.51 1.80
24.19 -0.87 0.50 1.80
24.22 -0.88 0.48 1.80
24.25 -0.88 0.47 1.80
24.28 -0.89 0.45 1.80
24.31 -0.90 0.44 1.80
24.33 -0.91 0.42 1.80
24.36 -0.91 0.40 1.80
24.39 -0.92 0.39 1.80
24.42 -0.93 0.37 1.80
24.44 -0.93 0.36 1.80
24.47 -0.94 0.34 1.80
24.50 -0.95 0.32 1.80
24.53 -0.95 0.31 1.80
24.56 -0.96 0.29 1.80
24.58 -0.96 0.27 1.80
24.61 -0.97 0.26 1.80
24.64 -0.97 0.24 1.80
24.67 -0.98 0.22 1.80
24.69 -0.98 0.20 1.80
24.72 -0.98 0.19 1.80
24.75 -0.99 0.17 1.80
24.78 -0.99 0.15 1.80
24.81 -0.99 0.14 1.80
24.83 -0.99 0.12 1.80
24.86 -0.99 0.10 1.80
24.89 -1.00 0.08 1.80
24.92 -1.00 0.07 1.80
24.94 -1.00 0.05 1.80
24.97 -1.00 0.03 1.80
25.00 -1.00 0.01 1.80
25.03 -1.00 -0.00 1.80
25.06 -1.00 -0.02 1.80
25.08 -1.00 -0.04 1.80
25.11 -1.00 -0.06 1.80
25.14 -1.00 -0.07 1.80
25.17 -1.00 -0.09 1.80
25.19 -0.99 -0.11 1.80
25.22 -0.99 -0.12 1.80
25.25 -0.99 -0.14 1.80
25.28 -0.99 -0.16 1.80
25.31 -0.98 -0.18 1.80
25.33 -0.98 -0.19 1.80
25.36 -0.98 -0.21 1.80
25.39 -0.97 -0.23 1.80
25.42 -0.97 -0.24 1.80
25.44 -0.97 -0.26 1.80
25.47 -0.96 -0.28 1.80
25.50 -0.96 -0.29 1.80
25.53 -0.95 -0.31 1.80
25.56 -0.94 -0.33 1.80
25.58 -0.94 -0.34 1.80
25.61 -0.93 -0.36 1.80
25.64 -0.93 -0.38 1.80
25.67 -0.92 -0.39 1.80
25.69 -0.91 -0.41 1.80
25.72 -0.91 -0.42 1.80
25.75 -0.90 -0.44 1.80
25.78 -0.89 -0.46 1.80
25.81 -0.88 -0.47 1.80
25.83 -0.87 -0.49 1.80
25.86 -0.86 -0.50 1.80
25.89 -0.86 -0.52 1.80
25.92 -0.85 -0.53 1.80
25.94 -0.84 -0.55 1.80
25.97 -0.83 -0.56 1.80
26.00 -0.82 -0.58 1.80
26.03 -0.81 -0.59 1.80
26.06 -0.80 -0.60 1.80
26.08 -0.79 -0.62 1.80
26.11 -0.78 -0.63 1.80
26.14 -0.76 -0.64 1.80
26.17 -0.75 -0.66 1.80
26.19 -0.74 -0.67 1.80
26.22 -0.73 -0.68 1.80
26.25 -0.72 -0.70 1.80
26.28 -0.71 -0.71 1.80
26.31 -0.69 -0.72 1.80
26.33 -0.68 -0.73 1.80
26.36 -0.67 -0.74 1.80
26.39 -0.65 -0.76 1.80
26.42 -0.64 -0.77 1.80
26.44 -0.63 -0.78 1.80
26.47 -0.61 -0.79 1.80
26.50 -0.60 -0.80 1.80
26.53 -0.59 -0.81 1.80
26.56 -0.57 -0.82 1.80
26.58 -0.56 -0.83 1.80
26.61 -0.54 -0.84 1.80
26.64 -0.53 -0.85 1.80
26.67 -0.51 -0.86 1.80
26.69 -0.50 -0.87 1.80
26.72 -0.48 -0.88 1.80
26.75 -0.47 -0.88 1.80
26.78 -0.45 -0.89 1.80
26.81 -0.44 -0.90 1.80
26.83 -0.42 -0.91 1.80
26.86 -0.41 -0.91 1.80
26.89 -0.39 -0.92 1.80
26.92 -0.37 -0.93 1.80
26.94 -0.36 -0.93 1.80
26.97 -0.34 -0.94 1.80
27.00 -0.32 -0.95 1.80
27.03 -0.31 -0.95 1.80
27.06 -0.29 -0.96 1.80
27.08 -0.27 -0.96 1.80
27.11 -0.26 -0.97 1.80
27.14 -0.24 -0.97 1.80
27.17 -0.22 -0.97 1.80
27.19 -0.21 -0.98 1.80
27.22 -0.19 -0.98 1.80
27.25 -0.17 -0.99 1.80
27.28 -0.15 -0.99 1.80
27.31 -0.14 -0.99 1.80
27.33 -0.12 -0.99 1.80
27.36 -0.10 -0.99 1.80
27.39 -0.09 -1.00 1.80
27.42 -0.07 -1.00 1.80
27.44 -0.05 -1.00 1.80
27.47 -0.03 -1.00 1.80
27.50 -0.02 -1.00 1.80
27.53 0.00 -1.00 1.80
27.56 0.02 -1.00 1.80
27.58 0.04 -1.00 1.80
27.61 0.05 -1.00 1.80
27.64 0.07 -1.00 1.80
27.67 0.09 -1.00 1.80
27.69 0.11 -0.99 1.80
27.72 0.12 -0.99 1.80
27.75 0.14 -0.99 1.80
27.78 0.16 -0.99 1.80
27.81 0.17 -0.98 1.80
27.83 0.19 -0.98 1.80
27.86 0.21 -0.98 1.80
27.89 0.23 -0.97 1.80
27.92 0.24 -0.97 1.80
27.94 0.26 -0.97 1.80
27.97 0.28 -0.96 1.80
28.00 0.29 -0.96 1.80
28.03 0.31 -0.95 1.80
28.06 0.33 -0.95 1.80
28.08 0.34 -0.94 1.80
28.11 0.36 -0.93 1.80
28.14 0.38 -0.93 1.80
28.17 0.39 -0.92 1.80
28.19 0.41 -0.91 1.80
28.22 0.42 -0.91 1.80
28.25 0.44 -0.90 1.80
28.28 0.45 -0.89 1.80
28.31 0.47 -0.88 1.80
28.33 0.49 -0.87 1.80
28.36 0.50 -0.87 1.80
28.39 0.52 -0.86 1.80
28.42 0.53 -0.85 1.80
28.44 0.55 -0.84 1.80
28.47 0.56 -0.83 1.80
28.50 0.57 -0.82 1.80
28.53 0.59 -0.81 1.80
28.56 0.60 -0.80 1.80
28.58 0.62 -0.79 1.80
28.61 0.63 -0.78 1.80
28.64 0.64 -0.77 1.80
28.67 0.66 -0.75 1.80
28.69 0.67 -0.74 1.80
28.72 0.68 -0.73 1.80
28.75 0.70 -0.72 1.80
28.78 0.71 -0.71 1.80
28.81 0.72 -0.69 1.80
28.83 0.73 -0.68 1.80
28.86 0.74 -0.67 1.80
28.89 0.76 -0.66 1.80
28.92 0.77 -0.64 1.80
28.94 0.78 -0.63 1.80
28.97 0.79 -0.62 1.80
29.00 0.80 -0.60 1.80
29.03 0.81 -0.59 1.80
29.06 0.82 -0.57 1.80
29.08 0.83 -0.56 1.80
29.11 0.84 -0.54 1.80
29.14 0.85 -0.53 1.80
29.17 0.86 -0.51 1.80
29.19 0.87 -0.50 1.80
29.22 0.87 -0.48 1.80
29.25 0.88 -0.47 1.80
29.28 0.89 -0.45 1.80
29.31 0.90 -0.44 1.80
29.33 0.91 -0.42 1.80
29.36 0.91 -0.41 1.80
29.39 0.92 -0.39 1.80
29.42 0.93 -0.37 1.80
29.44 0.93 -0.36 1.80
29.47 0.94 -0.34 1.80
29.50 0.95 -0.33 1.80
29.53 0.95 -0.31 1.80
29.56 0.96 -0.29 1.80
29.58 0.96 -0.28 1.80
29.61 0.97 -0.26 1.80
29.64 0.97 -0.24 1.80
29.67 0.97 -0.22 1.80
29.69 0.98 -0.21 1.80
29.72 0.98 -0.19 1.80
29.75 0.98 -0.17 1.80
29.78 0.99 -0.16 1.80
29.81 0.99 -0.14 1.80
29.83 0.99 -0.12 1.80
29.86 0.99 -0.10 1.80
29.89 1.00 -0.09 1.80
29.92 1.00 -0.07 1.80
29.94 1.00 -0.05 1.80
29.97 1.00 -0.03 1.80
30.00 1.00 -0.02 1.80
